Total Falsification stories (legit):   138
Total Falsification stories (fake):  138
Total Falsification stories:  276
Swear/emotive word count:  451
Falsification Stories for Training:  246
Falsification Stories for Testing:  28
C:\Python27\lib\site-packages\sklearn\feature_extraction\text.py:1059: FutureWarning: Conversion of the second argument of issubdtype from `float` to `np.floating` is deprecated. In future, it will be treated as `np.float64 == np.dtype(float).type`.
  if hasattr(X, 'dtype') and np.issubdtype(X.dtype, np.float):
1 [5.245153933865451, 3.762827822120866, 1.4823261117445838, 12.428734321550742, 16.76168757126568, 12.998859749144811, 1.7103762827822122, 1.596351197263398, 4.3329532497149374, 6.841505131128849, 0.34207525655644244, 0.0, 0.22805017103762829, 0.0, 40, 2.7027027027027026, 1.225, 22.183673469387756, 27.175, 2.4864864864864864, 0.2597402597402597, 1.3513513513513513, 0.0, 2.744949494949495, 21.0, 1]
2 [5.791743684534812, 4.066543438077634, 1.7252002464571778, 12.56931608133087, 14.294516327788045, 13.739987677141096, 2.4645717806531113, 1.4171287738755391, 4.682686383240911, 8.93407270486753, 0.24645717806531117, 0.12322858903265559, 0.06161429451632779, 0.06161429451632779, 61, 1.3417721518987342, 2.2459016393442623, 15.058394160583942, 33.81967213114754, 2.9367088607594938, 0.34130146082337315, 1.3291139240506329, 0.0, 2.9056338028169013, 18.5, 0]
3 [11.049723756906078, 7.18232044198895, 3.867403314917127, 12.154696132596685, 14.3646408839779, 13.535911602209943, 1.1049723756906076, 0.5524861878453038, 9.392265193370166, 4.972375690607735, 0.5524861878453038, 0.0, 0.0, 0.0, 11, 1.2222222222222223, 3.8181818181818183, 10.452380952380953, 39.90909090909091, 2.111111111111111, 0.24615384615384617, 2.1666666666666665, 0.0, 1.933920704845815, 28.0, 1]
4 [3.79746835443038, 2.5316455696202533, 1.2658227848101267, 13.924050632911392, 7.59493670886076, 13.924050632911392, 1.2658227848101267, 1.2658227848101267, 10.126582278481013, 2.5316455696202533, 0.0, 0.0, 0.0, 0.0, 2, 1.0, 2.5, 17.6, 44.0, 1.6666666666666667, 0.1590909090909091, 1.0, 0.0, 1.6, 34.0, 1]
5 [8.685162846803378, 6.634499396863691, 2.0506634499396865, 10.97708082026538, 17.008443908323283, 12.18335343787696, 1.4475271411338964, 1.9300361881785282, 6.031363088057901, 6.513872135102533, 0.0, 0.0, 0.0, 0.0, 30, 1.0, 2.9, 12.137931034482758, 35.2, 2.148936170212766, 0.2890792291220557, 1.446808510638298, 0.02127659574468085, 2.816, 39.0, 1]
6 [4.301075268817205, 2.5089605734767026, 1.7921146953405016, 15.412186379928317, 10.75268817204301, 16.48745519713262, 1.0752688172043012, 0.35842293906810035, 5.017921146953405, 5.376344086021505, 0.35842293906810035, 0.0, 0.35842293906810035, 0.0, 10, 1.1666666666666667, 1.6, 21.6875, 34.7, 2.5, 0.2905405405405405, 1.0, 0.0, 1.9171270718232045, 29.0, 1]
7 [5.560975609756098, 3.8048780487804876, 1.75609756097561, 13.170731707317074, 14.04878048780488, 14.341463414634145, 2.4390243902439024, 2.4390243902439024, 4.975609756097561, 5.75609756097561, 0.4878048780487805, 0.0975609756097561, 0.0975609756097561, 0.0, 31, 1.510204081632653, 3.838709677419355, 10.722689075630251, 41.16129032258065, 2.2857142857142856, 0.3359375, 1.346938775510204, 0.0, 2.3895131086142323, 11.0, 1]
8 [3.8883349950149553, 3.290129611166501, 0.5982053838484547, 12.861415752741776, 14.556331006979061, 14.15752741774676, 1.296111665004985, 1.4955134596211366, 4.187437686939183, 5.084745762711865, 0.6979062811565304, 0.0, 0.0, 0.0, 44, 2.152173913043478, 1.5, 18.454545454545453, 27.681818181818183, 2.0869565217391304, 0.2919254658385093, 1.3478260869565217, 0.0, 2.755656108597285, 2.0, 1]
9 [3.8817005545286505, 2.2181146025878005, 1.6635859519408502, 13.493530499075785, 13.863216266173753, 16.45101663585952, 0.5545286506469501, 1.6635859519408502, 5.730129390018484, 5.914972273567468, 0.0, 0.0, 0.0, 0.0, 32, 1.8484848484848484, 1.53125, 13.693877551020408, 20.96875, 2.0303030303030303, 0.3127413127413127, 0.6363636363636364, 0.0, 2.266891891891892, 33.0, 1]
10 [1.1787819253438114, 0.5893909626719057, 0.5893909626719057, 13.359528487229863, 10.805500982318271, 13.555992141453832, 1.5717092337917484, 1.768172888015717, 5.893909626719057, 5.50098231827112, 0.19646365422396855, 0.0, 0.0, 0.0, 20, 1.5454545454545454, 1.5, 20.533333333333335, 30.8, 2.227272727272727, 0.40239043824701193, 0.36363636363636365, 0.0, 2.1095890410958904, 15.0, 1]
11 [5.970149253731343, 5.970149253731343, 0.0, 12.437810945273633, 16.417910447761194, 12.935323383084576, 0.4975124378109453, 0.0, 5.970149253731343, 3.9800995024875623, 0.4975124378109453, 0.0, 0.0, 0.0, 10, 1.5384615384615385, 1.9, 12.368421052631579, 23.5, 1.6153846153846154, 0.2553191489361702, 0.9230769230769231, 0.0, 1.7938931297709924, 30.0, 1]
12 [3.7383177570093453, 2.9205607476635516, 0.8177570093457943, 14.252336448598129, 14.13551401869159, 15.070093457943926, 0.35046728971962615, 2.336448598130841, 7.009345794392523, 4.789719626168224, 0.0, 0.0, 0.0, 0.0, 31, 1.0512820512820513, 1.967741935483871, 17.0, 33.45161290322581, 2.1025641025641026, 0.25813449023861174, 0.7948717948717948, 0.0, 2.8333333333333335, 45.0, 1]
13 [3.4615384615384617, 2.435897435897436, 1.0256410256410255, 13.58974358974359, 13.846153846153847, 14.743589743589745, 1.0256410256410255, 1.153846153846154, 4.102564102564102, 5.128205128205128, 0.2564102564102564, 0.0, 0.0, 0.0, 30, 1.6764705882352942, 1.4666666666666666, 21.272727272727273, 31.2, 2.1176470588235294, 0.2682291666666667, 1.1176470588235294, 0.0, 2.4375, 40.0, 1]
14 [5.142857142857142, 4.0, 1.1428571428571428, 12.714285714285714, 14.428571428571429, 13.428571428571429, 1.1428571428571428, 1.1428571428571428, 5.571428571428571, 4.428571428571428, 0.0, 0.0, 0.0, 0.2857142857142857, 24, 1.21875, 2.1666666666666665, 15.942307692307692, 34.541666666666664, 2.0, 0.22625698324022347, 1.21875, 0.0, 2.389048991354467, 47.0, 1]
15 [4.332552693208431, 3.864168618266979, 0.468384074941452, 12.177985948477751, 15.22248243559719, 12.88056206088993, 1.288056206088993, 1.288056206088993, 3.747072599531616, 2.927400468384075, 0.234192037470726, 0.0, 0.0, 0.0, 45, 2.604651162790698, 1.0, 22.4, 22.4, 1.5116279069767442, 0.33014354066985646, 1.0, 0.0, 2.618181818181818, 14.0, 0]
16 [7.657657657657657, 5.405405405405405, 2.2522522522522523, 13.288288288288289, 14.864864864864865, 14.63963963963964, 1.3513513513513513, 1.5765765765765765, 5.18018018018018, 8.333333333333332, 0.22522522522522523, 0.0, 0.0, 0.0, 15, 1.1666666666666667, 1.8666666666666667, 19.535714285714285, 36.46666666666667, 3.1666666666666665, 0.2979591836734694, 1.7222222222222223, 0.0, 2.0957854406130267, 48.0, 1]
17 [8.68421052631579, 5.7894736842105265, 2.8947368421052633, 12.23684210526316, 15.0, 14.078947368421051, 2.368421052631579, 1.0526315789473684, 5.131578947368421, 6.052631578947368, 0.13157894736842105, 0.0, 0.0, 0.0, 19, 1.525, 6.0, 8.201754385964913, 49.21052631578947, 2.1, 0.3316062176165803, 1.625, 0.0, 2.3730964467005076, 28.0, 1]
18 [5.9405940594059405, 4.207920792079208, 1.7326732673267329, 11.633663366336634, 15.099009900990099, 11.881188118811881, 2.2277227722772275, 1.7326732673267329, 5.198019801980198, 4.207920792079208, 0.24752475247524752, 0.24752475247524752, 0.0, 0.0, 10, 1.0, 3.7, 12.972972972972974, 48.0, 2.1176470588235294, 0.3406113537117904, 1.3529411764705883, 0.0, 2.2535211267605635, 26.0, 1]
19 [4.509283819628647, 3.4482758620689653, 1.0610079575596816, 13.793103448275861, 14.854111405835543, 14.323607427055704, 2.122015915119363, 1.0610079575596816, 4.509283819628647, 5.570291777188329, 0.5305039787798408, 0.2652519893899204, 0.2652519893899204, 0.0, 16, 1.2777777777777777, 1.875, 15.866666666666667, 29.75, 2.388888888888889, 0.21100917431192662, 1.0, 0.0, 2.106194690265487, 34.0, 0]
20 [7.301066447908121, 6.234618539786711, 1.0664479081214109, 12.223133716160788, 17.145200984413453, 14.520098441345365, 2.6251025430680888, 1.8867924528301887, 4.922067268252666, 7.465135356849877, 0.41017227235438886, 0.08203445447087777, 0.2461033634126333, 0.0, 58, 1.4393939393939394, 1.5172413793103448, 17.46590909090909, 26.5, 2.4393939393939394, 0.34790528233151186, 1.2727272727272727, 0.015151515151515152, 2.8621973929236497, 21.0, 0]
21 [5.756013745704467, 4.209621993127148, 1.5463917525773196, 14.948453608247423, 14.518900343642613, 15.807560137457044, 2.147766323024055, 1.5463917525773196, 8.676975945017182, 7.3883161512027495, 0.1718213058419244, 0.0859106529209622, 0.1718213058419244, 0.1718213058419244, 27, 1.0, 3.5925925925925926, 14.68041237113402, 52.74074074074074, 2.978723404255319, 0.26604068857589985, 1.553191489361702, 0.02127659574468085, 2.7123809523809523, 25.5, 1]
22 [7.9452054794520555, 6.301369863013699, 1.643835616438356, 13.150684931506849, 14.246575342465754, 14.246575342465754, 2.191780821917808, 1.36986301369863, 4.383561643835616, 6.027397260273973, 0.273972602739726, 0.0, 0.273972602739726, 0.0, 12, 1.375, 2.1666666666666665, 17.576923076923077, 38.083333333333336, 2.875, 0.26256983240223464, 1.8125, 0.1875, 2.0585585585585586, 52.0, 1]
23 [6.8493150684931505, 4.383561643835616, 2.4657534246575343, 13.150684931506849, 16.164383561643834, 13.424657534246576, 0.821917808219178, 1.095890410958904, 6.027397260273973, 4.383561643835616, 0.0, 0.0, 0.0, 0.0, 12, 1.1363636363636365, 3.8333333333333335, 9.804347826086957, 37.583333333333336, 1.8636363636363635, 0.2594594594594595, 1.0909090909090908, 0.0, 2.0593607305936072, 14.0, 0]
24 [1.3824884792626728, 0.9216589861751152, 0.4608294930875576, 12.903225806451612, 11.981566820276496, 14.285714285714285, 1.3824884792626728, 0.9216589861751152, 3.225806451612903, 2.7649769585253456, 0.0, 0.0, 0.0, 0.0, 5, 1.0, 1.6, 30.25, 48.4, 2.0, 0.3247863247863248, 0.5, 0.0, 1.6923076923076923, 36.0, 1]
25 [5.930359085963003, 4.243743199129488, 1.6866158868335146, 14.036996735582155, 12.840043525571273, 15.070729053318823, 1.0337323177366704, 1.6866158868335146, 8.487486398258977, 6.039173014145811, 0.0544069640914037, 0.0544069640914037, 0.0544069640914037, 0.0, 47, 1.1304347826086956, 4.76595744680851, 9.834821428571429, 46.87234042553192, 2.1956521739130435, 0.2857142857142857, 1.1195652173913044, 0.0, 3.3685015290519877, 43.0, 1]
26 [7.239819004524888, 6.787330316742081, 0.4524886877828055, 14.479638009049776, 16.289592760180994, 15.384615384615385, 0.904977375565611, 1.809954751131222, 8.144796380090497, 6.787330316742081, 0.0, 0.0, 0.0, 0.0, 5, 1.0, 12.6, 4.666666666666667, 58.8, 1.9333333333333333, 0.2916666666666667, 1.0, 0.0, 1.75, 28.0, 1]
27 [9.060402684563758, 7.38255033557047, 1.6778523489932886, 14.093959731543624, 16.778523489932887, 14.76510067114094, 1.006711409395973, 1.342281879194631, 5.704697986577181, 4.3624161073825505, 0.33557046979865773, 0.0, 0.33557046979865773, 0.0, 9, 1.1538461538461537, 3.0, 13.62962962962963, 40.888888888888886, 2.1538461538461537, 0.273972602739726, 2.0, 0.0, 1.9891891891891893, 41.0, 1]
28 [10.020449897750511, 8.588957055214724, 1.4314928425357873, 14.314928425357873, 16.56441717791411, 15.746421267893659, 1.6359918200409, 2.2494887525562373, 5.521472392638037, 5.725971370143149, 0.408997955010225, 0.0, 0.408997955010225, 0.0, 18, 1.4074074074074074, 3.2777777777777777, 10.661016949152541, 34.94444444444444, 2.1481481481481484, 0.3185840707964602, 1.5925925925925926, 0.0, 2.620833333333333, 31.0, 0]
29 [3.2418952618453867, 2.493765586034913, 0.7481296758104738, 14.713216957605985, 14.713216957605985, 15.710723192019952, 0.997506234413965, 1.2468827930174564, 5.985037406483791, 2.7431421446384037, 0.0, 0.0, 0.0, 0.0, 21, 1.4615384615384615, 1.9047619047619047, 11.825, 22.523809523809526, 1.3461538461538463, 0.2722772277227723, 0.5384615384615384, 0.0, 2.0300429184549356, 17.0, 1]
30 [5.727699530516432, 4.037558685446009, 1.6901408450704223, 14.366197183098592, 15.96244131455399, 15.023474178403756, 1.4084507042253522, 1.0328638497652582, 6.666666666666667, 5.070422535211268, 0.0, 0.0, 0.18779342723004694, 0.0, 30, 1.0, 2.033333333333333, 21.098360655737704, 42.9, 2.3846153846153846, 0.29743589743589743, 1.564102564102564, 0.0, 2.6481481481481484, 50.0, 1]
31 [5.025125628140704, 1.507537688442211, 3.5175879396984926, 21.105527638190953, 10.552763819095476, 22.110552763819097, 1.507537688442211, 0.5025125628140703, 6.030150753768844, 11.557788944723619, 0.0, 0.0, 0.0, 0.0, 6, 1.0, 3.0, 13.944444444444445, 41.833333333333336, 3.3, 0.21428571428571427, 1.1, 0.0, 2.008, 17.5, 1]
32 [4.556962025316456, 3.0379746835443036, 1.5189873417721518, 13.164556962025317, 14.51476793248945, 14.59915611814346, 0.8438818565400843, 1.4345991561181435, 5.9915611814346, 5.485232067510549, 0.0, 0.0, 0.0, 0.0, 45, 1.4385964912280702, 1.9777777777777779, 15.764044943820224, 31.177777777777777, 2.1228070175438596, 0.285, 1.0350877192982457, 0.0, 2.457092819614711, 45.0, 1]
33 [3.8095238095238098, 3.3333333333333335, 0.4761904761904762, 10.476190476190476, 15.238095238095239, 11.904761904761903, 2.857142857142857, 1.9047619047619049, 5.0, 6.190476190476191, 0.0, 0.0, 0.0, 0.0, 20, 1.15, 1.5, 17.233333333333334, 25.85, 2.25, 0.25925925925925924, 0.95, 0.0, 2.076305220883534, 22.0, 1]
34 [3.7647058823529407, 2.823529411764706, 0.9411764705882352, 12.0, 14.823529411764705, 13.411764705882353, 0.7058823529411765, 1.8823529411764703, 4.941176470588235, 5.411764705882352, 0.0, 0.0, 0.0, 0.0, 11, 1.2105263157894737, 3.727272727272727, 12.804878048780488, 47.72727272727273, 2.1578947368421053, 0.25217391304347825, 0.8947368421052632, 0.0, 2.1875, 21.0, 1]
35 [6.866952789699571, 5.3218884120171674, 1.5450643776824033, 12.703862660944207, 15.1931330472103, 13.733905579399142, 1.7167381974248928, 0.7725321888412017, 9.012875536480687, 5.493562231759657, 0.4291845493562232, 0.0, 0.17167381974248927, 0.0, 31, 1.3636363636363635, 5.67741935483871, 8.068181818181818, 45.806451612903224, 2.0, 0.26479750778816197, 1.2575757575757576, 0.0, 2.8686868686868685, 20.666666666666668, 1]
36 [5.625, 3.6249999999999996, 2.0, 15.375, 14.000000000000002, 17.25, 1.0, 1.25, 7.375, 6.5, 0.0, 0.25, 0.375, 0.0, 27, 1.575, 3.925925925925926, 9.254716981132075, 36.333333333333336, 2.225, 0.26405867970660146, 1.35, 0.05, 2.489847715736041, 49.0, 1]
37 [6.077981651376147, 5.045871559633028, 1.0321100917431194, 13.876146788990825, 14.908256880733944, 14.3348623853211, 3.096330275229358, 2.7522935779816518, 5.73394495412844, 8.142201834862385, 0.11467889908256881, 0.0, 0.34403669724770647, 0.0, 27, 1.0, 4.814814814814815, 8.523076923076923, 41.03703703703704, 2.3653846153846154, 0.3623853211009174, 1.0576923076923077, 0.019230769230769232, 2.462222222222222, 15.0, 0]
38 [5.0, 3.8636363636363633, 1.1363636363636365, 13.636363636363635, 13.636363636363635, 14.545454545454545, 1.1363636363636365, 1.3636363636363635, 5.227272727272727, 4.090909090909091, 0.0, 0.0, 0.0, 0.0, 17, 1.105263157894737, 1.4705882352941178, 20.6, 30.294117647058822, 2.0, 0.24890829694323144, 1.2105263157894737, 0.0, 2.110655737704918, 42.0, 1]
39 [3.513909224011713, 2.635431918008785, 0.8784773060029283, 14.93411420204978, 13.469985358711567, 16.691068814055637, 1.3177159590043925, 2.049780380673499, 5.27086383601757, 7.320644216691069, 0.0, 0.29282576866764276, 0.0, 0.0, 25, 1.6470588235294117, 2.16, 15.62962962962963, 33.76, 2.4705882352941178, 0.2936046511627907, 0.8529411764705882, 0.0, 2.099502487562189, 47.0, 1]
40 [5.490196078431373, 4.117647058823529, 1.3725490196078431, 16.07843137254902, 13.137254901960786, 17.058823529411764, 1.7647058823529411, 1.3725490196078431, 6.2745098039215685, 4.705882352941177, 0.0, 0.0, 0.0, 0.0, 15, 1.12, 3.4, 12.0, 40.8, 2.0, 0.29959514170040485, 1.16, 0.0, 2.372093023255814, 24.0, 1]
41 [5.633802816901409, 4.225352112676056, 1.4084507042253522, 12.676056338028168, 16.19718309859155, 14.084507042253522, 0.7042253521126761, 1.7605633802816902, 5.633802816901409, 3.5211267605633805, 0.7042253521126761, 0.0, 0.0, 0.0, 11, 1.0, 3.090909090909091, 10.264705882352942, 31.727272727272727, 2.0, 0.2389937106918239, 1.0625, 0.0, 1.8177083333333333, 41.0, 0]
42 [5.411030176899064, 3.537981269510926, 1.8730489073881373, 12.278876170655566, 14.672216441207075, 13.215400624349636, 1.2486992715920915, 0.9365244536940687, 5.515088449531738, 4.786680541103017, 0.0, 0.0, 0.0, 0.0, 33, 1.372093023255814, 1.9696969696969697, 17.523076923076925, 34.515151515151516, 1.9767441860465116, 0.2625482625482625, 1.2093023255813953, 0.023255813953488372, 2.470715835140998, 12.0, 1]
43 [3.7735849056603774, 2.964959568733154, 0.8086253369272237, 12.668463611859837, 14.555256064690028, 14.016172506738545, 2.4258760107816713, 2.964959568733154, 5.121293800539084, 8.89487870619946, 0.0, 0.0, 0.0, 0.0, 13, 1.0526315789473684, 2.6923076923076925, 13.542857142857143, 36.46153846153846, 2.6842105263157894, 0.35135135135135137, 0.8421052631578947, 0.0, 1.762081784386617, 37.0, 1]
44 [3.2327586206896552, 2.586206896551724, 0.646551724137931, 11.206896551724139, 16.594827586206897, 12.068965517241379, 1.293103448275862, 1.7241379310344827, 5.387931034482758, 4.525862068965517, 0.0, 0.0, 0.0, 0.0, 18, 1.0434782608695652, 1.8333333333333333, 16.90909090909091, 31.0, 1.9565217391304348, 0.20233463035019456, 0.782608695652174, 0.0, 2.1379310344827585, 22.0, 0]
45 [12.867647058823529, 11.029411764705882, 1.8382352941176472, 10.294117647058822, 19.11764705882353, 11.029411764705882, 1.4705882352941175, 2.2058823529411766, 6.985294117647059, 6.61764705882353, 0.0, 0.0, 0.3676470588235294, 0.0, 12, 1.4090909090909092, 5.333333333333333, 5.375, 28.666666666666668, 1.7272727272727273, 0.34285714285714286, 1.5, 0.0, 1.9884393063583814, 21.0, 0]
46 [10.212765957446807, 8.794326241134751, 1.4184397163120568, 11.631205673758865, 16.879432624113473, 12.4822695035461, 1.4184397163120568, 1.4184397163120568, 5.673758865248227, 4.822695035460993, 0.0, 0.0, 0.0, 0.0, 27, 1.1578947368421053, 3.185185185185185, 9.94186046511628, 31.666666666666668, 1.8421052631578947, 0.3373860182370821, 1.7894736842105263, 0.05263157894736842, 2.583081570996979, 19.0, 1]
47 [5.633802816901409, 2.8169014084507045, 2.8169014084507045, 10.093896713615024, 16.431924882629108, 10.328638497652582, 1.1737089201877933, 2.112676056338028, 4.694835680751173, 4.694835680751173, 0.2347417840375587, 0.0, 0.0, 0.0, 19, 1.3636363636363635, 1.6842105263157894, 15.8125, 26.63157894736842, 1.8636363636363635, 0.24568965517241378, 1.1363636363636365, 0.0, 2.171673819742489, 11.0, 1]
48 [8.310249307479225, 5.8171745152354575, 2.4930747922437675, 14.40443213296399, 15.789473684210526, 16.06648199445983, 3.8781163434903045, 2.4930747922437675, 5.263157894736842, 4.1551246537396125, 0.0, 0.0, 0.0, 0.2770083102493075, 14, 1.5789473684210527, 2.9285714285714284, 10.902439024390244, 31.928571428571427, 1.736842105263158, 0.29775280898876405, 1.5263157894736843, 0.0, 1.9691629955947136, 20.0, 0]
49 [4.228058936579116, 2.6585522101217167, 1.5695067264573992, 14.702114029468289, 12.748238308776424, 16.047405509288918, 1.889814221652787, 1.6655989750160152, 4.964766175528507, 6.662395900064061, 0.2242152466367713, 0.09609224855861628, 0.032030749519538756, 0.0, 37, 1.1319444444444444, 21.35135135135135, 4.846835443037975, 103.48648648648648, 2.6319444444444446, 0.35013812154696133, 1.0486111111111112, 0.006944444444444444, 2.8510796723752794, 28.0, 0]
50 [7.355242566510173, 4.538341158059469, 2.8169014084507045, 13.145539906103288, 14.710485133020345, 14.553990610328638, 1.4084507042253522, 0.7824726134585289, 4.225352112676056, 4.381846635367762, 0.0, 0.0, 0.0, 0.0, 16, 1.3448275862068966, 5.3125, 8.788235294117648, 46.6875, 2.0, 0.20658682634730538, 1.5862068965517242, 0.0, 2.2365269461077846, 15.0, 1]
51 [7.861060329067642, 5.6672760511883, 2.1937842778793417, 12.979890310786105, 14.80804387568556, 13.893967093235831, 0.7312614259597806, 1.2797074954296161, 4.93601462522852, 4.570383912248629, 0.5484460694698354, 0.0, 0.0, 0.18281535648994515, 20, 1.4444444444444444, 2.25, 14.577777777777778, 32.8, 1.962962962962963, 0.2785714285714286, 1.5185185185185186, 0.0, 2.254295532646048, 36.0, 0]
52 [2.8942115768463075, 2.2954091816367264, 0.5988023952095809, 11.776447105788424, 16.067864271457086, 12.77445109780439, 2.2954091816367264, 1.2974051896207583, 5.489021956087824, 4.69061876247505, 0.5988023952095809, 0.39920159680638717, 0.998003992015968, 0.0, 51, 1.1384615384615384, 1.9411764705882353, 12.83838383838384, 24.92156862745098, 1.8307692307692307, 0.3055555555555556, 0.6461538461538462, 0.0, 2.7690631808278865, 15.0, 1]
53 [8.998302207130731, 8.149405772495756, 0.8488964346349746, 11.03565365025467, 18.33616298811545, 11.37521222410866, 2.7164685908319184, 1.3582342954159592, 4.923599320882852, 8.31918505942275, 0.1697792869269949, 0.0, 0.1697792869269949, 0.0, 18, 1.3, 4.0, 10.569444444444445, 42.27777777777778, 2.566666666666667, 0.2844311377245509, 1.5666666666666667, 0.03333333333333333, 2.660839160839161, 73.0, 1]
54 [8.253358925143955, 6.525911708253358, 1.727447216890595, 15.355086372360843, 13.81957773512476, 17.274472168905948, 0.9596928982725527, 1.1516314779270633, 6.525911708253358, 5.566218809980806, 0.0, 0.0, 0.0, 0.0, 18, 1.0, 1.6666666666666667, 20.5, 34.166666666666664, 2.4, 0.30833333333333335, 2.3, 0.0, 2.3563218390804597, 36.0, 1]
55 [6.807286673058485, 4.697986577181208, 2.109300095877277, 15.627996164908916, 13.806327900287632, 16.874400767018216, 2.3010546500479387, 2.109300095877277, 4.697986577181208, 7.957813998082454, 0.09587727708533077, 0.28763183125599234, 0.0, 0.0, 36, 1.4042553191489362, 2.4722222222222223, 14.617977528089888, 36.138888888888886, 2.74468085106383, 0.35546875, 1.553191489361702, 0.0, 2.596806387225549, 28.0, 1]
56 [4.275092936802974, 2.2304832713754648, 2.0446096654275094, 13.011152416356877, 11.152416356877323, 14.684014869888475, 1.6728624535315983, 1.486988847583643, 4.83271375464684, 4.83271375464684, 0.18587360594795538, 0.0, 0.0, 0.0, 18, 1.3333333333333333, 2.7777777777777777, 12.9, 35.833333333333336, 2.0833333333333335, 0.32061068702290074, 0.9583333333333334, 0.0, 2.320143884892086, 16.0, 1]
57 [9.788789601949635, 6.5393988627132416, 3.249390739236393, 12.753858651502844, 14.744110479285133, 13.809910641754671, 2.274573517465475, 1.543460601137287, 5.03655564581641, 5.930138099106418, 0.2843216896831844, 0.08123476848090982, 0.12185215272136475, 0.0, 75, 1.303030303030303, 5.466666666666667, 7.365853658536586, 40.266666666666666, 2.143939393939394, 0.33251633986928103, 1.8636363636363635, 0.015151515151515152, 3.463302752293578, 15.5, 0]
58 [1.8181818181818181, 0.0, 1.8181818181818181, 14.545454545454545, 10.909090909090908, 16.363636363636363, 0.0, 0.0, 3.6363636363636362, 5.454545454545454, 0.0, 0.0, 0.0, 0.0, 1, 1.0, 4.0, 15.75, 63.0, 2.5, 0.125, 0.5, 0.5, 1.3404255319148937, 31.5, 1]
59 [10.677966101694915, 8.813559322033898, 1.864406779661017, 12.88135593220339, 19.661016949152543, 13.389830508474576, 2.0338983050847457, 2.8813559322033897, 6.440677966101695, 6.440677966101695, 0.5084745762711864, 0.0, 0.0, 0.0, 28, 1.0, 2.75, 10.012987012987013, 27.535714285714285, 1.9268292682926829, 0.32710280373831774, 1.4878048780487805, 0.0, 2.234782608695652, 31.0, 0]
60 [7.567567567567568, 5.9459459459459465, 1.6216216216216217, 12.432432432432433, 11.351351351351353, 12.972972972972974, 2.1621621621621623, 1.6216216216216217, 6.486486486486487, 3.783783783783784, 0.0, 0.0, 0.0, 0.0, 10, 1.1666666666666667, 3.4, 6.5588235294117645, 22.3, 1.5833333333333333, 0.47560975609756095, 1.0833333333333333, 0.0, 1.7983870967741935, 13.0, 1]
61 [5.633802816901409, 3.169014084507042, 2.464788732394366, 13.028169014084506, 14.084507042253522, 13.380281690140844, 0.35211267605633806, 1.056338028169014, 3.5211267605633805, 4.225352112676056, 0.0, 0.0, 0.0, 0.0, 15, 2.25, 1.0666666666666667, 20.3125, 21.666666666666668, 1.9166666666666667, 0.2847222222222222, 1.4166666666666667, 0.0, 1.7857142857142858, 13.0, 1]
62 [5.539358600583091, 4.373177842565598, 1.1661807580174928, 12.536443148688047, 14.285714285714285, 13.702623906705538, 0.8746355685131195, 0.5830903790087464, 6.41399416909621, 4.373177842565598, 0.0, 0.2915451895043732, 0.0, 0.0, 14, 1.7058823529411764, 1.9285714285714286, 15.185185185185185, 29.285714285714285, 1.8823529411764706, 0.24864864864864866, 1.0, 0.0, 2.1243523316062176, 35.0, 1]
63 [5.459057071960298, 4.631927212572374, 0.8271298593879239, 12.737799834574028, 15.715467328370556, 14.722911497105045, 2.977667493796526, 2.1505376344086025, 5.459057071960298, 8.271298593879239, 0.24813895781637718, 0.0, 0.0, 0.0, 29, 1.0, 5.0344827586206895, 10.349315068493151, 52.10344827586207, 2.716666666666667, 0.38308457711442784, 1.35, 0.0, 2.824299065420561, 17.0, 1]
64 [3.571428571428571, 3.061224489795918, 0.5102040816326531, 13.77551020408163, 15.306122448979592, 14.285714285714285, 1.7857142857142856, 1.7857142857142856, 8.928571428571429, 5.357142857142857, 1.2755102040816326, 0.0, 0.7653061224489796, 0.5102040816326531, 15, 1.2592592592592593, 4.333333333333333, 8.169230769230769, 35.4, 2.111111111111111, 0.3014354066985646, 0.5555555555555556, 0.0, 1.9666666666666666, 44.0, 1]
65 [9.701492537313433, 7.462686567164178, 2.2388059701492535, 12.686567164179104, 14.925373134328357, 14.55223880597015, 1.8656716417910446, 0.7462686567164178, 5.223880597014925, 2.9850746268656714, 0.3731343283582089, 0.0, 1.1194029850746268, 0.0, 10, 1.1176470588235294, 7.7, 4.233766233766234, 32.6, 1.5294117647058822, 0.27692307692307694, 1.1764705882352942, 0.0, 2.1879194630872485, 12.0, 1]
66 [5.678233438485805, 3.4700315457413247, 2.2082018927444795, 11.829652996845425, 14.66876971608833, 13.249211356466878, 1.4195583596214512, 0.6309148264984227, 4.2586750788643535, 4.574132492113565, 0.31545741324921134, 0.0, 0.0, 0.7886435331230284, 24, 1.3214285714285714, 2.1666666666666665, 14.615384615384615, 31.666666666666668, 2.0714285714285716, 0.28125, 1.25, 0.0, 2.1714285714285713, 44.0, 1]
67 [5.776892430278884, 4.681274900398407, 1.0956175298804782, 13.44621513944223, 14.243027888446216, 14.342629482071715, 1.4940239043824701, 0.697211155378486, 6.374501992031872, 5.9760956175298805, 0.199203187250996, 0.49800796812749004, 0.0, 0.0, 36, 1.42, 2.611111111111111, 12.882978723404255, 33.638888888888886, 2.28, 0.22242990654205608, 1.04, 0.0, 2.7522727272727274, 58.0, 1]
68 [1.92, 1.1199999999999999, 0.8, 15.840000000000002, 10.32, 17.2, 1.76, 1.52, 3.2, 6.08, 0.64, 0.0, 0.0, 0.0, 17, 1.0, 6.470588235294118, 13.427272727272728, 86.88235294117646, 3.1, 0.38169257340241797, 0.8, 0.0, 3.0142857142857142, 23.0, 1]
69 [2.4122807017543857, 1.3157894736842104, 1.0964912280701753, 14.473684210526317, 15.789473684210526, 14.692982456140353, 1.3157894736842104, 1.0964912280701753, 4.166666666666666, 5.263157894736842, 0.0, 0.0, 0.0, 0.0, 12, 1.4, 4.0, 11.895833333333334, 47.583333333333336, 2.15, 0.2911392405063291, 0.55, 0.0, 2.0035087719298246, 35.0, 0]
70 [3.5515320334261835, 3.064066852367688, 0.48746518105849584, 14.066852367688023, 14.345403899721449, 15.181058495821729, 2.437325905292479, 2.298050139275766, 5.362116991643454, 5.153203342618385, 0.0, 0.0, 0.48746518105849584, 0.0, 33, 1.082191780821918, 5.909090909090909, 8.892307692307693, 52.54545454545455, 2.0, 0.386066763425254, 0.7808219178082192, 0.0136986301369863, 3.181651376146789, 37.5, 0]
71 [4.829857299670691, 4.281009879253568, 0.5488474204171241, 14.050493962678376, 14.270032930845225, 15.367727771679473, 2.4149286498353457, 2.4149286498353457, 6.256860592755214, 6.0373216245883645, 0.5488474204171241, 0.0, 0.10976948408342481, 0.0, 27, 1.441860465116279, 3.074074074074074, 13.36144578313253, 41.074074074074076, 2.255813953488372, 0.311804008908686, 1.069767441860465, 0.0, 2.793450881612091, 19.0, 1]
72 [11.0, 9.0, 2.0, 14.142857142857142, 16.428571428571427, 15.0, 3.0, 1.1428571428571428, 5.0, 5.428571428571429, 0.7142857142857143, 0.0, 0.14285714285714285, 0.0, 24, 1.0, 2.7916666666666665, 13.134328358208956, 36.666666666666664, 2.393939393939394, 0.3268698060941828, 2.272727272727273, 0.0, 2.6426426426426426, 16.0, 1]
73 [5.555555555555555, 3.7037037037037033, 1.8518518518518516, 11.11111111111111, 15.74074074074074, 11.11111111111111, 0.0, 0.0, 7.4074074074074066, 2.7777777777777777, 0.0, 0.0, 0.0, 0.0, 5, 1.0, 1.0, 26.0, 26.0, 1.6, 0.2786885245901639, 1.2, 0.0, 1.4606741573033708, 24.0, 1]
74 [6.707317073170732, 4.878048780487805, 1.8292682926829267, 12.804878048780488, 11.585365853658537, 15.24390243902439, 2.4390243902439024, 0.0, 4.2682926829268295, 5.487804878048781, 0.0, 0.0, 0.0, 0.6097560975609756, 8, 1.25, 1.25, 19.2, 24.0, 2.125, 0.33766233766233766, 1.25, 0.0, 1.5483870967741935, 16.0, 1]
75 [3.6741214057507987, 2.2364217252396164, 1.4376996805111821, 10.063897763578275, 15.015974440894569, 10.543130990415335, 1.2779552715654952, 1.2779552715654952, 4.472843450479233, 3.8338658146964857, 0.1597444089456869, 0.0, 0.0, 0.0, 18, 1.0, 2.888888888888889, 14.288461538461538, 41.27777777777778, 1.9285714285714286, 0.3009118541033435, 1.0357142857142858, 0.0, 2.2652439024390243, 31.0, 1]
76 [3.7735849056603774, 2.4528301886792456, 1.3207547169811322, 12.452830188679245, 13.39622641509434, 13.773584905660377, 1.3207547169811322, 2.0754716981132075, 3.5849056603773586, 7.3584905660377355, 0.9433962264150944, 0.0, 0.18867924528301888, 0.0, 24, 1.8181818181818181, 1.4166666666666667, 19.0, 26.916666666666668, 2.727272727272727, 0.34057971014492755, 1.0454545454545454, 0.0, 2.307142857142857, 28.0, 1]
77 [2.7777777777777777, 1.3888888888888888, 1.3888888888888888, 11.574074074074074, 12.037037037037036, 12.5, 0.9259259259259258, 1.8518518518518516, 5.555555555555555, 6.018518518518518, 0.0, 0.0, 0.0, 0.0, 7, 1.0, 2.2857142857142856, 15.9375, 36.42857142857143, 2.4, 0.1652892561983471, 0.6, 0.0, 1.8214285714285714, 24.5, 0]
78 [3.6193029490616624, 2.546916890080429, 1.0723860589812333, 14.6112600536193, 13.80697050938338, 15.415549597855227, 0.938337801608579, 0.6702412868632708, 3.351206434316354, 4.557640750670242, 0.2680965147453083, 0.0, 0.0, 0.0, 21, 1.3846153846153846, 2.0, 21.428571428571427, 42.857142857142854, 2.3076923076923075, 0.2457831325301205, 1.2307692307692308, 0.0, 2.7950310559006213, 30.0, 1]
79 [1.8181818181818181, 0.9090909090909091, 0.9090909090909091, 13.030303030303031, 12.424242424242424, 13.636363636363635, 0.9090909090909091, 0.6060606060606061, 5.757575757575758, 6.666666666666667, 0.0, 0.0, 0.0, 0.0, 14, 1.0588235294117647, 1.7857142857142858, 16.16, 28.857142857142858, 2.2941176470588234, 0.2976190476190476, 0.35294117647058826, 0.0, 2.0, 16.0, 1]
80 [8.16831683168317, 6.188118811881188, 1.9801980198019802, 12.871287128712872, 16.584158415841586, 14.108910891089108, 1.4851485148514851, 1.4851485148514851, 6.435643564356436, 5.693069306930694, 0.0, 0.0, 0.49504950495049505, 0.0, 13, 1.0, 4.615384615384615, 8.35, 38.53846153846154, 2.0454545454545454, 0.2511415525114155, 1.3636363636363635, 0.0, 2.1594827586206895, 9.0, 0]
81 [6.606606606606606, 5.7057057057057055, 0.9009009009009009, 10.51051051051051, 16.816816816816818, 11.411411411411411, 3.303303303303303, 1.8018018018018018, 8.108108108108109, 4.504504504504505, 0.3003003003003003, 0.0, 1.2012012012012012, 0.0, 13, 1.0, 3.0, 10.512820512820513, 31.53846153846154, 1.894736842105263, 0.35135135135135137, 1.0, 0.0, 2.081218274111675, 37.0, 0]
82 [4.761904761904762, 2.2222222222222223, 2.5396825396825395, 13.333333333333334, 11.746031746031745, 13.65079365079365, 0.31746031746031744, 1.5873015873015872, 5.396825396825397, 3.8095238095238098, 0.31746031746031744, 0.0, 0.0, 0.31746031746031744, 18, 1.0, 0.8333333333333334, 25.266666666666666, 21.055555555555557, 2.2, 0.33540372670807456, 1.1333333333333333, 0.0, 1.8398058252427185, 28.0, 1]
83 [4.111842105263158, 2.631578947368421, 1.4802631578947367, 11.513157894736842, 15.789473684210526, 12.006578947368421, 1.151315789473684, 1.644736842105263, 7.236842105263158, 4.111842105263158, 0.1644736842105263, 0.0, 0.0, 0.0, 20, 1.125, 3.3, 11.166666666666666, 36.85, 1.71875, 0.3492063492063492, 0.84375, 0.0, 2.2469512195121952, 31.0, 0]
84 [5.67651632970451, 4.199066874027993, 1.4774494556765163, 13.452566096423016, 14.385692068429238, 13.685847589424572, 2.021772939346812, 1.8662519440124419, 7.387247278382582, 7.387247278382582, 0.46656298600311047, 0.0, 0.38880248833592534, 0.0, 51, 1.1168831168831168, 2.8823529411764706, 10.843537414965986, 31.254901960784313, 2.272727272727273, 0.3060921248142645, 1.0389610389610389, 0.07792207792207792, 2.498432601880878, 24.0, 1]
85 [2.0236087689713322, 1.3490725126475547, 0.6745362563237773, 15.51433389544688, 14.333895446880272, 17.200674536256326, 0.5059021922428331, 1.854974704890388, 5.396290050590219, 5.733558178752108, 0.0, 0.0, 0.16863406408094433, 0.0, 26, 1.2857142857142858, 2.1923076923076925, 13.0, 28.5, 1.8857142857142857, 0.24528301886792453, 0.42857142857142855, 0.0, 2.618374558303887, 34.0, 1]
86 [4.785478547854786, 3.5478547854785476, 1.2376237623762376, 14.933993399339935, 12.706270627062707, 16.584158415841586, 1.2376237623762376, 0.9900990099009901, 8.333333333333332, 4.702970297029703, 0.4125412541254125, 0.0, 0.0, 0.08250825082508251, 28, 1.0192307692307692, 4.642857142857143, 11.015384615384615, 51.142857142857146, 2.173076923076923, 0.26707132018209406, 1.3269230769230769, 0.0, 2.9648033126293996, 58.0, 1]
87 [3.474903474903475, 2.3166023166023164, 1.1583011583011582, 13.513513513513514, 11.389961389961389, 14.382239382239382, 1.833976833976834, 1.4478764478764479, 4.054054054054054, 5.598455598455598, 0.4826254826254826, 0.19305019305019305, 0.0, 0.0, 37, 1.9375, 2.324324324324324, 14.80232558139535, 34.4054054054054, 2.3125, 0.34714003944773175, 1.0625, 0.0, 2.4575289575289574, 2.0, 0]
88 [7.99347471451876, 5.383360522022838, 2.6101141924959217, 13.050570962479608, 16.802610114192497, 14.192495921696574, 2.7732463295269167, 2.7732463295269167, 5.057096247960848, 5.872756933115824, 0.8156606851549755, 0.0, 0.1631321370309951, 0.0, 24, 1.0333333333333334, 1.75, 18.261904761904763, 31.958333333333332, 2.433333333333333, 0.3550488599348534, 1.5666666666666667, 0.0, 2.1914285714285713, 38.0, 1]
89 [7.242990654205607, 5.724299065420561, 1.5186915887850467, 13.901869158878505, 13.551401869158877, 15.30373831775701, 1.2850467289719625, 1.0514018691588785, 5.14018691588785, 5.0233644859813085, 0.7009345794392523, 0.0, 0.0, 0.0, 35, 1.8478260869565217, 2.742857142857143, 10.979166666666666, 30.114285714285714, 2.0869565217391304, 0.2714285714285714, 1.2391304347826086, 0.0, 2.5095238095238095, 33.0, 0]
90 [7.746478873239436, 5.985915492957746, 1.7605633802816902, 12.676056338028168, 17.253521126760564, 13.380281690140844, 2.8169014084507045, 1.4084507042253522, 4.577464788732395, 2.8169014084507045, 0.0, 0.0, 0.0, 0.0, 7, 1.0, 4.428571428571429, 10.741935483870968, 47.57142857142857, 1.6923076923076923, 0.36428571428571427, 1.6923076923076923, 0.0, 1.9588235294117646, 29.0, 0]
91 [0.56657223796034, 0.56657223796034, 0.0, 11.189801699716714, 15.155807365439095, 13.59773371104816, 0.424929178470255, 1.9830028328611897, 4.2492917847025495, 4.53257790368272, 0.56657223796034, 0.0, 0.0, 0.0, 43, 2.0, 1.0930232558139534, 18.680851063829788, 20.41860465116279, 1.6666666666666667, 0.2335958005249344, 0.3333333333333333, 0.0, 3.512, 12.0, 0]
92 [6.64451827242525, 5.3156146179401995, 1.3289036544850499, 12.624584717607974, 16.27906976744186, 13.2890365448505, 1.9933554817275747, 0.33222591362126247, 6.64451827242525, 5.647840531561462, 0.0, 0.9966777408637874, 0.0, 0.0, 13, 1.1538461538461537, 1.4615384615384615, 19.57894736842105, 28.615384615384617, 2.5384615384615383, 0.2236024844720497, 1.5384615384615385, 0.0, 1.9578947368421054, 29.0, 1]
93 [3.8932146829810903, 1.668520578420467, 2.2246941045606228, 14.238042269187986, 12.347052280311457, 15.350389321468297, 1.668520578420467, 1.7797552836484982, 5.116796440489433, 4.004449388209121, 0.11123470522803114, 0.0, 0.0, 0.0, 22, 1.125, 2.727272727272727, 17.633333333333333, 48.09090909090909, 2.25, 0.28859060402684567, 1.25, 0.0, 2.58679706601467, 43.0, 1]
94 [7.446808510638298, 7.446808510638298, 0.0, 14.361702127659576, 16.48936170212766, 15.957446808510639, 1.5957446808510638, 0.5319148936170213, 4.787234042553192, 7.446808510638298, 0.0, 0.0, 0.0, 0.0, 6, 1.0, 3.3333333333333335, 11.6, 38.666666666666664, 2.75, 0.2, 2.0, 0.0, 1.7575757575757576, 39.0, 1]
95 [0.0, 0.0, 0.0, 10.909090909090908, 15.757575757575756, 15.151515151515152, 0.0, 3.0303030303030303, 10.303030303030303, 4.848484848484849, 0.0, 0.0, 0.0, 0.0, 5, 1.0, 11.6, 3.603448275862069, 41.8, 1.7142857142857142, 0.2553191489361702, 0.07142857142857142, 0.0, 1.5833333333333333, 23.5, 0]
96 [5.023923444976076, 3.349282296650718, 1.674641148325359, 12.440191387559809, 14.114832535885165, 13.995215311004786, 1.555023923444976, 0.9569377990430622, 4.784688995215311, 5.741626794258373, 0.23923444976076555, 0.0, 0.0, 0.11961722488038277, 27, 1.2195121951219512, 3.4444444444444446, 10.935483870967742, 37.666666666666664, 2.341463414634146, 0.27611940298507465, 1.146341463414634, 0.0, 2.348729792147806, 31.0, 0]
97 [9.740259740259742, 7.792207792207792, 1.948051948051948, 12.207792207792208, 16.363636363636363, 12.857142857142856, 2.3376623376623376, 3.116883116883117, 6.883116883116883, 6.753246753246753, 0.2597402597402597, 0.12987012987012986, 0.12987012987012986, 0.0, 38, 1.3333333333333333, 2.710526315789474, 9.41747572815534, 25.526315789473685, 2.0784313725490198, 0.3426183844011142, 1.3137254901960784, 0.0, 2.559366754617414, 38.0, 0]
98 [4.865771812080537, 2.013422818791946, 2.8523489932885906, 13.926174496644295, 14.76510067114094, 14.429530201342283, 1.342281879194631, 1.6778523489932886, 4.3624161073825505, 4.026845637583892, 0.16778523489932887, 0.0, 0.0, 0.0, 19, 1.4615384615384615, 2.6315789473684212, 14.2, 37.36842105263158, 1.9615384615384615, 0.33116883116883117, 1.5384615384615385, 0.0, 2.268370607028754, 33.0, 1]
99 [7.222222222222221, 6.111111111111111, 1.1111111111111112, 13.518518518518519, 16.11111111111111, 14.25925925925926, 0.9259259259259258, 3.3333333333333335, 3.888888888888889, 3.888888888888889, 0.3703703703703704, 0.0, 0.0, 0.3703703703703704, 26, 1.4166666666666667, 1.3076923076923077, 19.647058823529413, 25.692307692307693, 2.0416666666666665, 0.3215686274509804, 1.5833333333333333, 0.0, 2.483271375464684, 39.0, 1]
100 [5.238095238095238, 3.8095238095238098, 1.4285714285714286, 11.428571428571429, 13.80952380952381, 13.333333333333334, 2.857142857142857, 1.9047619047619049, 6.190476190476191, 6.666666666666667, 0.4761904761904762, 0.0, 0.0, 0.0, 9, 1.0833333333333333, 2.2222222222222223, 13.8, 30.666666666666668, 2.25, 0.34615384615384615, 1.1666666666666667, 0.0, 1.7922077922077921, 36.0, 1]
101 [3.3041788143828956, 1.84645286686103, 1.4577259475218658, 17.978620019436345, 10.495626822157435, 19.922254616132168, 0.5830903790087464, 0.8746355685131195, 6.122448979591836, 5.733722060252672, 0.09718172983479105, 0.09718172983479105, 0.0, 0.0, 32, 1.9767441860465116, 2.09375, 17.686567164179106, 37.03125, 2.3255813953488373, 0.2633587786259542, 0.7674418604651163, 0.0, 2.46875, 15.5, 1]
102 [8.085550339071466, 5.685967657798644, 2.3995826812728223, 12.310902451747523, 14.893062076160668, 13.484611371935316, 2.477829942618675, 2.008346374543558, 5.712050078247262, 8.528951486697965, 0.1564945226917058, 0.20865936358894105, 0.0782472613458529, 0.0, 120, 1.3133640552995391, 4.158333333333333, 9.895791583166332, 41.15, 2.6313364055299537, 0.39593908629441626, 1.4884792626728112, 0.03686635944700461, 3.5704989154013016, 14.5, 0]
103 [0.0, 0.0, 0.0, 9.782608695652174, 8.695652173913043, 11.956521739130435, 0.0, 1.0869565217391304, 5.434782608695652, 6.521739130434782, 0.0, 0.0, 0.0, 0.0, 4, 1.0, 0.75, 34.666666666666664, 26.0, 3.3333333333333335, 0.16666666666666666, 0.0, 0.0, 1.4444444444444444, 35.0, 1]
104 [3.257328990228013, 2.1172638436482085, 1.1400651465798046, 14.332247557003258, 14.006514657980457, 14.983713355048861, 0.8143322475570033, 1.7915309446254073, 5.374592833876222, 5.863192182410423, 0.16286644951140067, 0.0, 0.0, 0.0, 23, 1.4848484848484849, 2.4782608695652173, 13.31578947368421, 33.0, 2.090909090909091, 0.23529411764705882, 0.6666666666666666, 0.0, 2.4563106796116503, 51.0, 1]
105 [3.104575163398693, 1.7973856209150325, 1.3071895424836601, 11.928104575163399, 15.032679738562091, 12.745098039215685, 0.49019607843137253, 2.7777777777777777, 3.9215686274509802, 3.2679738562091507, 0.6535947712418301, 0.0, 0.0, 0.0, 30, 1.9655172413793103, 1.1666666666666667, 20.62857142857143, 24.066666666666666, 1.6896551724137931, 0.31137724550898205, 0.6896551724137931, 0.0, 2.123529411764706, 22.0, 1]
106 [9.462915601023019, 6.3938618925831205, 3.0690537084398977, 13.299232736572892, 18.925831202046037, 13.810741687979538, 1.7902813299232736, 0.7672634271099744, 5.626598465473146, 6.3938618925831205, 0.0, 0.0, 0.7672634271099744, 0.0, 15, 1.2, 3.6666666666666665, 8.927272727272728, 32.733333333333334, 2.08, 0.18229166666666666, 1.2, 0.0, 2.360576923076923, 46.0, 1]
107 [2.8368794326241136, 2.127659574468085, 0.7092198581560284, 12.293144208037825, 15.602836879432624, 13.002364066193852, 0.7092198581560284, 2.127659574468085, 8.037825059101655, 4.964539007092199, 0.0, 0.0, 0.0, 0.0, 11, 1.0588235294117647, 2.6363636363636362, 17.379310344827587, 45.81818181818182, 2.2941176470588234, 0.2916666666666667, 0.7647058823529411, 0.0, 2.311926605504587, 48.0, 1]
108 [4.120443740095087, 3.328050713153724, 0.7923930269413629, 10.45958795562599, 15.530903328050712, 11.410459587955627, 0.4754358161648178, 3.011093502377179, 5.863708399366086, 3.328050713153724, 0.0, 0.0, 0.0, 0.0, 20, 1.0, 2.15, 17.627906976744185, 37.9, 1.7777777777777777, 0.29155313351498635, 1.037037037037037, 0.0, 2.4063492063492062, 16.0, 1]
109 [6.6000000000000005, 4.9714285714285715, 1.6285714285714286, 13.257142857142856, 15.314285714285713, 14.428571428571429, 1.542857142857143, 2.4285714285714284, 4.9714285714285715, 7.3428571428571425, 0.17142857142857143, 0.028571428571428574, 0.2, 0.028571428571428574, 46, 1.0, 17.304347826086957, 5.423366834170854, 93.84782608695652, 2.6204819277108435, 0.2981574539363484, 1.427710843373494, 0.0, 3.7703056768558953, 18.0, 0]
110 [2.607361963190184, 2.3006134969325154, 0.3067484662576687, 16.717791411042946, 11.65644171779141, 17.484662576687114, 1.5337423312883436, 3.2208588957055215, 5.521472392638037, 7.361963190184049, 0.0, 0.0, 0.0, 0.0, 21, 1.054054054054054, 4.333333333333333, 8.725274725274724, 37.80952380952381, 2.27027027027027, 0.3894736842105263, 0.4864864864864865, 0.0, 2.335294117647059, 9.0, 1]
111 [2.8938906752411575, 0.964630225080386, 1.929260450160772, 13.183279742765272, 11.254019292604502, 14.790996784565916, 2.2508038585209005, 0.964630225080386, 5.787781350482315, 6.752411575562702, 0.0, 0.0, 0.0, 0.0, 9, 1.0, 3.2222222222222223, 13.482758620689655, 43.44444444444444, 2.4, 0.3508771929824561, 0.6, 0.0, 2.125, 42.0, 1]
112 [8.898305084745763, 8.050847457627118, 0.847457627118644, 13.559322033898304, 15.254237288135593, 14.40677966101695, 3.389830508474576, 2.5423728813559325, 5.508474576271186, 6.3559322033898304, 0.0, 0.0, 0.423728813559322, 0.0, 14, 1.1428571428571428, 1.2857142857142858, 16.22222222222222, 20.857142857142858, 2.0714285714285716, 0.4166666666666667, 1.3571428571428572, 0.0, 2.056338028169014, 24.0, 1]
113 [7.194244604316546, 5.0359712230215825, 2.158273381294964, 14.388489208633093, 17.26618705035971, 15.107913669064748, 2.158273381294964, 2.877697841726619, 5.755395683453238, 5.0359712230215825, 0.0, 0.0, 0.0, 0.7194244604316548, 8, 1.1111111111111112, 2.125, 10.529411764705882, 22.375, 2.0, 0.3287671232876712, 1.2222222222222223, 0.0, 1.5299145299145298, 6.0, 1]
114 [2.9629629629629632, 2.0105820105820107, 0.9523809523809524, 13.968253968253968, 12.275132275132275, 15.132275132275133, 1.4814814814814816, 0.8465608465608466, 6.084656084656085, 6.931216931216931, 0.052910052910052914, 0.0, 0.0, 0.0, 54, 1.364864864864865, 2.3703703703703702, 17.4296875, 41.31481481481482, 2.689189189189189, 0.29754601226993865, 0.9459459459459459, 0.0, 2.9946308724832216, 6.5, 1]
115 [3.958090803259604, 3.3760186263096625, 0.5820721769499418, 11.757857974388825, 14.202561117578579, 13.038416763678695, 2.4447031431897557, 2.910360884749709, 7.683352735739232, 3.4924330616996504, 0.3492433061699651, 0.0, 0.0, 0.0, 21, 1.0, 7.095238095238095, 6.791946308724833, 48.19047619047619, 1.8444444444444446, 0.43444730077120824, 0.7555555555555555, 0.0, 2.7955801104972378, 18.0, 0]
116 [3.937007874015748, 3.149606299212598, 0.7874015748031495, 6.299212598425196, 19.291338582677163, 7.086614173228346, 0.0, 1.574803149606299, 6.692913385826772, 1.968503937007874, 0.0, 0.0, 0.0, 0.0, 7, 1.25, 3.142857142857143, 14.0, 44.0, 1.5, 0.23404255319148937, 0.9166666666666666, 0.0, 1.9493670886075949, 22.0, 0]
117 [2.528735632183908, 2.0689655172413794, 0.45977011494252873, 12.298850574712644, 13.563218390804598, 13.793103448275861, 0.8045977011494253, 2.6436781609195403, 4.942528735632184, 5.402298850574713, 0.3448275862068966, 0.22988505747126436, 0.0, 0.0, 27, 1.2702702702702702, 2.259259259259259, 17.295081967213115, 39.074074074074076, 2.4054054054054053, 0.3528138528138528, 0.7297297297297297, 0.0, 2.2885032537960956, 53.0, 1]
118 [2.840909090909091, 1.1363636363636365, 1.7045454545454544, 9.659090909090908, 14.772727272727273, 10.795454545454545, 1.1363636363636365, 4.545454545454546, 5.113636363636364, 7.386363636363637, 0.0, 0.0, 0.0, 0.0, 6, 1.0, 1.5, 24.0, 36.0, 3.142857142857143, 0.25, 0.8571428571428571, 0.0, 1.8782608695652174, 51.0, 1]
119 [5.015432098765432, 3.2407407407407405, 1.7746913580246912, 15.74074074074074, 12.5, 16.203703703703702, 1.5432098765432098, 1.3888888888888888, 4.166666666666666, 3.935185185185185, 0.15432098765432098, 0.0, 0.07716049382716049, 0.0, 33, 1.3389830508474576, 4.575757575757576, 10.072847682119205, 46.09090909090909, 1.8135593220338984, 0.2865583456425406, 1.3559322033898304, 0.0, 2.6968085106382977, 15.0, 0]
120 [8.38709677419355, 6.838709677419355, 1.5483870967741935, 10.838709677419354, 18.580645161290324, 11.35483870967742, 1.5483870967741935, 1.5483870967741935, 5.419354838709677, 4.774193548387097, 0.12903225806451613, 0.0, 0.0, 0.0, 29, 1.575, 3.0344827586206895, 10.943181818181818, 33.206896551724135, 1.925, 0.25757575757575757, 1.475, 0.0, 2.520942408376963, 36.0, 1]
121 [1.9189765458422177, 1.0660980810234542, 0.8528784648187633, 14.072494669509595, 12.79317697228145, 14.925373134328357, 1.4925373134328357, 2.1321961620469083, 5.330490405117271, 6.823027718550106, 0.21321961620469082, 0.0, 0.0, 0.0, 17, 1.0, 1.4705882352941178, 22.4, 32.94117647058823, 2.789473684210526, 0.30578512396694213, 0.47368421052631576, 0.0, 2.1132075471698113, 56.0, 1]
122 [4.3726235741444865, 3.9923954372623576, 0.38022813688212925, 12.927756653992395, 16.159695817490494, 13.307984790874524, 2.4714828897338403, 1.3307984790874523, 6.083650190114068, 4.942965779467681, 0.7604562737642585, 0.0, 0.0, 0.5703422053231939, 22, 1.625, 3.5454545454545454, 8.679487179487179, 30.772727272727273, 1.9375, 0.24187725631768953, 0.875, 0.0, 2.5839694656488548, 16.0, 0]
123 [4.285714285714286, 3.3333333333333335, 0.9523809523809524, 12.380952380952381, 17.142857142857142, 12.857142857142856, 2.857142857142857, 1.4285714285714286, 4.285714285714286, 3.8095238095238098, 0.0, 0.0, 0.4761904761904762, 0.0, 9, 1.1, 1.3333333333333333, 20.916666666666668, 27.88888888888889, 1.8, 0.2982456140350877, 0.9, 0.0, 1.7191780821917808, 24.0, 1]
124 [5.755395683453238, 5.0359712230215825, 0.7194244604316548, 10.551558752997602, 17.026378896882495, 11.750599520383693, 2.3980815347721824, 1.9184652278177456, 5.755395683453238, 6.235011990407674, 0.0, 0.0, 0.0, 0.0, 6, 1.0, 9.833333333333334, 8.576271186440678, 84.33333333333333, 2.5294117647058822, 0.28820960698689957, 1.588235294117647, 0.0, 2.1623931623931623, 59.0, 0]
125 [5.232558139534884, 3.488372093023256, 1.744186046511628, 12.790697674418606, 17.441860465116278, 14.534883720930234, 2.3255813953488373, 1.744186046511628, 4.069767441860465, 1.744186046511628, 0.0, 0.0, 0.0, 0.0, 4, 1.0, 3.25, 14.923076923076923, 48.5, 1.4285714285714286, 0.3176470588235294, 1.2857142857142858, 0.14285714285714285, 1.4809160305343512, 27.0, 1]
126 [10.869565217391305, 8.695652173913043, 2.1739130434782608, 13.975155279503104, 14.596273291925465, 14.906832298136646, 2.1739130434782608, 1.8633540372670807, 7.142857142857142, 4.037267080745342, 0.6211180124223602, 0.0, 0.6211180124223602, 0.0, 19, 1.64, 1.9473684210526316, 10.405405405405405, 20.263157894736842, 1.56, 0.3724137931034483, 1.4, 0.12, 1.8780487804878048, 31.0, 1]
127 [2.8708133971291865, 2.3923444976076556, 0.4784688995215311, 13.397129186602871, 13.397129186602871, 13.875598086124402, 0.9569377990430622, 1.9138755980861244, 6.698564593301436, 1.9138755980861244, 0.4784688995215311, 0.0, 0.0, 0.4784688995215311, 7, 1.0, 1.4285714285714286, 23.1, 33.0, 1.5, 0.45, 0.875, 0.0, 1.582191780821918, 24.0, 1]
128 [7.335907335907336, 5.405405405405405, 1.9305019305019304, 14.285714285714285, 13.513513513513514, 15.057915057915059, 3.474903474903475, 1.5444015444015444, 3.474903474903475, 6.94980694980695, 0.0, 0.0, 0.0, 0.0, 6, 1.8888888888888888, 2.5, 19.733333333333334, 49.333333333333336, 2.7777777777777777, 0.4098360655737705, 2.3333333333333335, 0.0, 1.7724550898203593, 33.0, 1]
129 [9.134615384615383, 7.211538461538461, 1.9230769230769231, 12.5, 16.346153846153847, 14.423076923076922, 1.9230769230769231, 1.4423076923076923, 5.288461538461538, 3.8461538461538463, 0.4807692307692308, 0.0, 0.0, 0.0, 11, 1.0, 2.727272727272727, 8.233333333333333, 22.454545454545453, 1.6666666666666667, 0.29, 1.8333333333333333, 0.0, 1.5935483870967742, 27.0, 0]
130 [7.766990291262135, 5.339805825242718, 2.4271844660194173, 12.135922330097088, 15.53398058252427, 13.592233009708737, 2.4271844660194173, 2.4271844660194173, 5.825242718446602, 5.825242718446602, 0.0, 0.0, 0.0, 0.0, 4, 1.0, 11.0, 5.5, 60.5, 2.0, 0.3804347826086957, 1.4166666666666667, 0.0, 1.7536231884057971, 13.2, 0]
131 [5.82010582010582, 4.232804232804233, 1.5873015873015872, 16.93121693121693, 12.16931216931217, 17.989417989417987, 2.1164021164021163, 1.5873015873015872, 3.1746031746031744, 1.0582010582010581, 1.5873015873015872, 0.5291005291005291, 0.5291005291005291, 0.0, 10, 1.0, 0.8, 26.5, 21.2, 1.5, 0.3023255813953488, 1.125, 0.0, 1.536231884057971, 28.0, 1]
132 [12.034383954154727, 8.882521489971348, 3.151862464183381, 12.320916905444127, 18.911174785100286, 12.893982808022923, 1.7191977077363898, 1.4326647564469914, 6.876790830945559, 8.022922636103152, 0.0, 0.0, 0.5730659025787965, 0.0, 12, 1.0, 6.083333333333333, 5.958904109589041, 36.25, 2.0, 0.3333333333333333, 1.5555555555555556, 0.0, 2.1219512195121952, 14.5, 0]
133 [3.9603960396039604, 2.6402640264026402, 1.3201320132013201, 13.531353135313532, 15.51155115511551, 15.181518151815181, 0.9900990099009901, 4.29042904290429, 6.270627062706271, 5.2805280528052805, 0.33003300330033003, 0.0, 0.0, 0.0, 12, 1.0, 2.8333333333333335, 11.176470588235293, 31.666666666666668, 1.8888888888888888, 0.2911392405063291, 0.6666666666666666, 0.0, 2.054054054054054, 23.0, 0]
134 [10.652920962199312, 9.621993127147768, 1.0309278350515463, 11.683848797250858, 18.556701030927837, 14.0893470790378, 3.0927835051546393, 0.6872852233676976, 6.185567010309279, 3.436426116838488, 1.0309278350515463, 0.0, 0.3436426116838488, 0.0, 11, 1.1304347826086956, 6.2727272727272725, 4.971014492753623, 31.181818181818183, 1.391304347826087, 0.2676056338028169, 1.3478260869565217, 0.0, 2.053892215568862, 16.0, 1]
135 [8.529411764705882, 7.352941176470589, 1.1764705882352942, 10.882352941176471, 17.058823529411764, 10.882352941176471, 2.6470588235294117, 1.1764705882352942, 4.705882352941177, 7.647058823529412, 0.29411764705882354, 0.0, 0.5882352941176471, 0.0, 8, 1.0, 6.625, 7.981132075471698, 52.875, 2.3684210526315788, 0.32098765432098764, 1.4210526315789473, 0.0, 2.363128491620112, 23.0, 0]
136 [0.0, 0.0, 0.0, 14.285714285714285, 12.5, 14.285714285714285, 0.0, 1.7857142857142856, 7.142857142857142, 5.357142857142857, 0.0, 0.0, 0.0, 0.0, 1, 1.0, 9.0, 7.666666666666667, 69.0, 2.3333333333333335, 0.36363636363636365, 0.0, 0.0, 1.2545454545454546, 23.0, 1]
137 [7.532051282051282, 5.288461538461538, 2.2435897435897436, 11.378205128205128, 16.025641025641026, 12.660256410256409, 0.641025641025641, 1.1217948717948718, 4.807692307692308, 7.211538461538461, 0.3205128205128205, 0.0, 0.0, 0.0, 18, 1.2592592592592593, 2.7222222222222223, 15.63265306122449, 42.55555555555556, 2.7037037037037037, 0.2485207100591716, 1.7407407407407407, 0.0, 2.2934131736526946, 30.0, 1]
138 [5.191256830601093, 3.0054644808743167, 2.185792349726776, 15.300546448087433, 12.568306010928962, 16.666666666666664, 1.912568306010929, 0.546448087431694, 5.191256830601093, 4.098360655737705, 0.273224043715847, 0.0, 0.0, 0.0, 15, 1.1, 2.533333333333333, 11.263157894736842, 28.533333333333335, 1.75, 0.2578947368421053, 1.05, 0.0, 2.150753768844221, 23.0, 1]
139 [9.508196721311474, 8.19672131147541, 1.3114754098360655, 13.442622950819672, 17.54098360655738, 14.59016393442623, 3.114754098360656, 2.7868852459016393, 4.2622950819672125, 7.049180327868852, 0.0, 0.16393442622950818, 0.16393442622950818, 0.0, 4, 1.9230769230769231, 47.5, 4.021052631578947, 191.0, 2.6538461538461537, 0.43157894736842106, 2.269230769230769, 0.19230769230769232, 2.1954022988505746, 39.5, 0]
140 [11.188811188811188, 6.993006993006993, 4.195804195804196, 10.48951048951049, 14.685314685314685, 11.188811188811188, 0.6993006993006993, 4.895104895104895, 6.293706293706294, 4.195804195804196, 1.3986013986013985, 0.0, 0.0, 0.6993006993006993, 7, 1.75, 4.285714285714286, 6.0, 25.714285714285715, 1.5, 0.42028985507246375, 1.5, 0.08333333333333333, 1.5789473684210527, 17.75, 0]
141 [4.081632653061225, 3.061224489795918, 1.0204081632653061, 7.142857142857142, 18.367346938775512, 7.142857142857142, 1.0204081632653061, 2.0408163265306123, 4.081632653061225, 3.061224489795918, 0.0, 0.0, 1.0204081632653061, 0.0, 4, 1.0, 1.0, 28.25, 28.25, 2.0, 0.5098039215686274, 0.75, 0.0, 1.5066666666666666, 31.0, 1]
142 [3.64963503649635, 2.9197080291970803, 0.7299270072992701, 15.328467153284672, 12.408759124087592, 15.328467153284672, 1.4598540145985401, 2.18978102189781, 5.109489051094891, 5.109489051094891, 0.0, 0.0, 0.0, 0.0, 4, 1.0, 1.75, 23.142857142857142, 40.5, 2.4, 0.3194444444444444, 1.2, 0.0, 1.7608695652173914, 48.0, 1]
143 [4.878048780487805, 3.353658536585366, 1.524390243902439, 14.329268292682926, 12.5, 17.378048780487802, 1.8292682926829267, 0.3048780487804878, 4.573170731707317, 7.317073170731707, 1.8292682926829267, 0.0, 0.3048780487804878, 0.0, 16, 1.75, 1.75, 14.535714285714286, 25.4375, 2.3, 0.2823529411764706, 1.0, 0.0, 2.0049261083743843, 4.0, 1]
144 [5.375347544022243, 3.985171455050973, 1.3901760889712698, 13.994439295644115, 13.80908248378128, 14.365152919369786, 2.3169601482854496, 1.8535681186283595, 7.970342910101946, 8.155699721964782, 0.6487488415199258, 0.0, 0.46339202965708987, 0.0, 45, 1.3571428571428572, 3.022222222222222, 9.845588235294118, 29.755555555555556, 2.2857142857142856, 0.32222222222222224, 0.9428571428571428, 0.08571428571428572, 2.3166089965397925, 24.0, 1]
145 [10.42654028436019, 8.530805687203792, 1.8957345971563981, 11.848341232227488, 20.14218009478673, 13.270142180094787, 2.3696682464454977, 1.6587677725118484, 6.6350710900473935, 5.450236966824645, 0.23696682464454977, 0.0, 0.47393364928909953, 0.0, 11, 1.0, 10.0, 4.672727272727273, 46.72727272727273, 1.8, 0.3175355450236967, 1.1666666666666667, 0.03333333333333333, 2.1506276150627617, 34.5, 1]
146 [8.615384615384615, 5.846153846153846, 2.769230769230769, 11.692307692307692, 13.846153846153847, 13.538461538461538, 2.769230769230769, 1.2307692307692308, 4.3076923076923075, 0.9230769230769231, 0.6153846153846154, 0.0, 0.0, 0.0, 11, 1.0, 2.272727272727273, 14.92, 33.90909090909091, 1.2666666666666666, 0.40425531914893614, 2.1333333333333333, 0.0, 2.3459119496855347, 20.0, 1]
147 [4.3478260869565215, 3.678929765886288, 0.6688963210702341, 15.384615384615385, 12.709030100334449, 16.387959866220736, 2.341137123745819, 1.0033444816053512, 4.013377926421405, 5.68561872909699, 0.33444816053511706, 0.0, 0.6688963210702341, 0.0, 9, 1.0, 2.6666666666666665, 14.625, 39.0, 2.2142857142857144, 0.22972972972972974, 1.1428571428571428, 0.14285714285714285, 1.7376237623762376, 34.0, 0]
148 [8.695652173913043, 8.695652173913043, 0.0, 8.695652173913043, 13.043478260869565, 8.695652173913043, 0.0, 0.0, 4.3478260869565215, 0.0, 4.3478260869565215, 0.0, 4.3478260869565215, 0.0, 3, 1.75, 2.0, 5.333333333333333, 10.666666666666666, 0.75, 0.14285714285714285, 0.75, 0.0, 1.0666666666666667, 15.0, 0]
149 [2.7027027027027026, 1.1583011583011582, 1.5444015444015444, 11.96911196911197, 13.127413127413126, 13.513513513513514, 2.3166023166023164, 3.088803088803089, 5.7915057915057915, 3.861003861003861, 0.0, 0.0, 0.0, 0.0, 8, 1.0, 7.875, 4.825396825396825, 38.0, 1.6666666666666667, 0.34375, 0.6, 0.0, 1.961290322580645, 19.166666666666668, 0]
150 [4.30379746835443, 3.2911392405063293, 1.0126582278481013, 11.89873417721519, 12.151898734177214, 12.658227848101266, 2.5316455696202533, 2.0253164556962027, 5.3164556962025316, 2.5316455696202533, 0.5063291139240507, 0.0, 0.7594936708860759, 0.5063291139240507, 13, 1.0, 4.230769230769231, 8.981818181818182, 38.0, 1.5238095238095237, 0.32710280373831774, 0.8571428571428571, 0.0, 2.0329218106995883, 7.0, 1]
151 [7.112970711297072, 6.2761506276150625, 0.8368200836820083, 11.715481171548117, 17.573221757322173, 12.552301255230125, 5.02092050209205, 2.928870292887029, 5.02092050209205, 2.092050209205021, 0.8368200836820083, 0.0, 0.0, 0.0, 6, 1.0, 5.166666666666667, 9.129032258064516, 47.166666666666664, 1.4615384615384615, 0.40384615384615385, 1.5384615384615385, 0.0, 1.6358381502890174, 31.0, 0]
152 [4.28481411468179, 2.2684310018903595, 2.0163831127914302, 13.106490233144296, 13.610586011342155, 14.240705734089476, 2.142407057340895, 2.2054190296156273, 3.9067422810333965, 5.5450535601764335, 0.1260239445494644, 0.0, 0.0630119722747322, 0.0, 24, 1.0317460317460319, 8.041666666666666, 9.575129533678757, 77.0, 2.4126984126984126, 0.4128686327077748, 1.126984126984127, 0.0, 2.6899563318777293, 34.0, 0]
153 [2.28310502283105, 1.5981735159817352, 0.684931506849315, 14.61187214611872, 13.24200913242009, 15.296803652968036, 1.5981735159817352, 1.141552511415525, 2.73972602739726, 3.4246575342465753, 0.45662100456621, 0.0, 0.0, 0.0, 12, 1.0, 1.5, 28.27777777777778, 42.416666666666664, 2.0714285714285716, 0.2584745762711864, 0.7857142857142857, 0.0, 2.2622222222222224, 66.0, 1]
154 [8.94308943089431, 6.910569105691057, 2.0325203252032518, 7.317073170731707, 17.073170731707318, 8.130081300813007, 3.2520325203252036, 3.6585365853658534, 5.284552845528456, 4.878048780487805, 0.0, 0.0, 0.40650406504065045, 0.0, 7, 1.0, 2.7142857142857144, 15.894736842105264, 43.142857142857146, 2.090909090909091, 0.312, 2.272727272727273, 0.0, 1.7660818713450293, 15.0, 0]
155 [6.128133704735376, 4.735376044568245, 1.392757660167131, 12.534818941504177, 18.105849582172702, 13.370473537604457, 0.2785515320334262, 1.9498607242339834, 5.013927576601671, 3.064066852367688, 0.0, 0.0, 0.0, 0.2785515320334262, 11, 2.142857142857143, 2.0, 19.318181818181817, 38.63636363636363, 1.7857142857142858, 0.3333333333333333, 1.5, 0.0, 2.043269230769231, 36.0, 0]
156 [8.803611738148984, 6.997742663656885, 1.805869074492099, 12.866817155756207, 17.607223476297968, 14.89841986455982, 2.9345372460496613, 0.9029345372460496, 6.5462753950338595, 4.288939051918736, 0.4514672686230248, 0.0, 0.4514672686230248, 0.0, 19, 1.5161290322580645, 4.473684210526316, 6.341176470588235, 28.36842105263158, 1.5806451612903225, 0.357487922705314, 1.2903225806451613, 0.0, 2.026315789473684, 15.666666666666666, 1]
157 [4.28481411468179, 2.2684310018903595, 2.0163831127914302, 13.106490233144296, 13.610586011342155, 14.240705734089476, 2.142407057340895, 2.2054190296156273, 3.9067422810333965, 5.5450535601764335, 0.1260239445494644, 0.0, 0.0630119722747322, 0.0, 24, 1.0317460317460319, 8.041666666666666, 9.575129533678757, 77.0, 2.4126984126984126, 0.4128686327077748, 1.126984126984127, 0.0, 2.6899563318777293, 34.0, 0]
158 [6.5015479876160995, 4.953560371517028, 1.5479876160990713, 13.003095975232199, 16.09907120743034, 14.860681114551083, 2.1671826625387, 3.0959752321981426, 4.024767801857585, 5.88235294117647, 0.6191950464396285, 0.0, 0.0, 0.0, 5, 1.0, 12.2, 6.377049180327869, 77.8, 2.6153846153846154, 0.25477707006369427, 1.5384615384615385, 0.0, 1.916256157635468, 23.5, 0]
159 [2.952029520295203, 1.8450184501845017, 1.107011070110701, 14.022140221402212, 14.391143911439114, 15.129151291512915, 1.107011070110701, 1.107011070110701, 4.428044280442804, 4.428044280442804, 0.0, 0.0, 0.0, 0.0, 6, 1.0, 3.5, 15.333333333333334, 53.666666666666664, 2.090909090909091, 0.27702702702702703, 0.8181818181818182, 0.0, 1.8192090395480225, 17.0, 0]
160 [7.093425605536333, 5.017301038062284, 2.0761245674740483, 12.802768166089965, 11.937716262975778, 14.53287197231834, 0.8650519031141869, 2.422145328719723, 3.8062283737024223, 4.844290657439446, 1.5570934256055362, 0.0, 0.6920415224913495, 0.0, 16, 1.0, 3.5625, 11.894736842105264, 42.375, 2.3333333333333335, 0.4099616858237548, 1.6296296296296295, 0.0, 2.5018450184501844, 35.0, 1]
161 [8.948339483394834, 7.103321033210332, 1.8450184501845017, 13.837638376383765, 15.22140221402214, 14.944649446494465, 1.7527675276752765, 1.8450184501845017, 3.3210332103321036, 3.8745387453874542, 0.46125461254612543, 0.09225092250922509, 0.6457564575645757, 0.0, 12, 1.0, 14.916666666666666, 7.067039106145251, 105.41666666666667, 2.230769230769231, 0.33084112149532713, 1.8974358974358974, 0.05128205128205128, 2.4610894941634243, 25.25, 1]
162 [9.395973154362416, 5.369127516778524, 4.026845637583892, 10.738255033557047, 14.76510067114094, 10.738255033557047, 2.013422818791946, 1.342281879194631, 5.369127516778524, 4.026845637583892, 0.0, 0.0, 1.342281879194631, 4.026845637583892, 9, 1.3529411764705883, 4.555555555555555, 4.560975609756097, 20.77777777777778, 1.3529411764705883, 0.35714285714285715, 1.0, 0.0, 1.5982905982905984, 5.0, 0]
163 [7.638888888888889, 6.597222222222222, 1.0416666666666665, 10.416666666666668, 19.444444444444446, 11.11111111111111, 3.4722222222222223, 1.0416666666666665, 3.8194444444444446, 5.208333333333334, 0.0, 0.6944444444444444, 1.0416666666666665, 0.3472222222222222, 5, 1.2857142857142858, 8.0, 8.775, 70.2, 2.2857142857142856, 0.35135135135135137, 1.4285714285714286, 0.0, 1.95, 20.666666666666668, 0]
164 [3.7037037037037033, 3.059581320450886, 0.644122383252818, 10.305958132045088, 15.619967793880837, 12.077294685990339, 1.4492753623188406, 2.0933977455716586, 5.958132045088567, 5.636070853462158, 0.8051529790660225, 0.0, 0.1610305958132045, 0.1610305958132045, 28, 3.5384615384615383, 2.5357142857142856, 11.04225352112676, 28.0, 1.7435897435897436, 0.27247191011235955, 0.6153846153846154, 0.0, 2.4049079754601226, 32.0, 0]
165 [4.672897196261682, 2.336448598130841, 2.336448598130841, 11.214953271028037, 15.887850467289718, 14.018691588785046, 2.803738317757009, 2.336448598130841, 3.2710280373831773, 2.336448598130841, 0.0, 0.0, 0.0, 0.46728971962616817, 5, 1.0, 3.2, 15.0625, 48.2, 1.625, 0.35185185185185186, 1.25, 0.0, 1.5253164556962024, 52.0, 1]
166 [3.4965034965034967, 1.8648018648018647, 1.6317016317016315, 11.888111888111888, 14.219114219114218, 13.053613053613052, 2.797202797202797, 1.6317016317016315, 6.75990675990676, 3.0303030303030303, 0.6993006993006993, 0.2331002331002331, 0.6993006993006993, 0.2331002331002331, 21, 1.1290322580645162, 2.7142857142857144, 9.280701754385966, 25.19047619047619, 1.6774193548387097, 0.29906542056074764, 0.6129032258064516, 0.0, 1.9738805970149254, 19.0, 1]
167 [9.090909090909092, 6.493506493506493, 2.5974025974025974, 11.03896103896104, 13.636363636363635, 11.03896103896104, 3.896103896103896, 1.948051948051948, 5.844155844155844, 5.844155844155844, 0.0, 0.0, 0.0, 0.0, 7, 1.0, 2.0, 13.714285714285714, 27.428571428571427, 2.125, 0.39759036144578314, 1.25, 0.0, 1.6551724137931034, 32.0, 1]
168 [3.3112582781456954, 1.3245033112582782, 1.9867549668874174, 8.609271523178808, 14.56953642384106, 9.271523178807946, 1.3245033112582782, 5.298013245033113, 3.9735099337748347, 7.9470198675496695, 0.0, 0.0, 0.0, 0.0, 8, 1.0, 0.75, 31.5, 23.625, 3.3333333333333335, 0.25, 1.0, 0.0, 1.766355140186916, 51.0, 1]
169 [7.0588235294117645, 5.88235294117647, 1.1764705882352942, 15.294117647058824, 17.647058823529413, 16.470588235294116, 3.5294117647058822, 3.5294117647058822, 3.5294117647058822, 5.88235294117647, 0.0, 0.0, 1.1764705882352942, 1.1764705882352942, 2, 1.0, 5.0, 10.9, 54.5, 2.5, 0.47058823529411764, 2.0, 0.25, 1.2674418604651163, 11.666666666666666, 1]
170 [2.106741573033708, 1.2640449438202246, 0.8426966292134831, 14.606741573033707, 12.640449438202248, 15.168539325842698, 1.2640449438202246, 1.6853932584269662, 6.601123595505618, 4.775280898876404, 0.2808988764044944, 0.0, 0.0, 0.0, 16, 1.0909090909090908, 5.1875, 10.144578313253012, 52.625, 2.0, 0.3649025069637883, 0.48484848484848486, 0.0, 2.2942779291553133, 27.5, 1]
171 [1.6842105263157894, 1.4736842105263157, 0.21052631578947367, 14.947368421052632, 12.842105263157894, 18.10526315789474, 1.6842105263157894, 0.8421052631578947, 4.421052631578947, 5.052631578947368, 0.42105263157894735, 0.0, 0.0, 0.0, 13, 1.35, 2.923076923076923, 16.263157894736842, 47.53846153846154, 2.3, 0.22962962962962963, 1.0, 0.0, 2.472, 43.0, 1]
172 [6.705539358600583, 4.956268221574344, 1.749271137026239, 12.536443148688047, 12.536443148688047, 14.285714285714285, 1.4577259475218658, 0.8746355685131195, 4.664723032069971, 1.4577259475218658, 0.2915451895043732, 0.0, 0.2915451895043732, 0.0, 15, 1.0, 1.0, 26.6, 26.6, 1.3333333333333333, 0.22413793103448276, 1.8, 0.0, 2.0050251256281406, 23.0, 0]
173 [9.090909090909092, 9.090909090909092, 0.0, 4.545454545454546, 13.636363636363635, 9.090909090909092, 4.545454545454546, 0.0, 4.545454545454546, 0.0, 0.0, 0.0, 4.545454545454546, 4.545454545454546, 2, 1.0, 2.5, 5.6, 14.0, 1.0, 0.5454545454545454, 0.6666666666666666, 0.3333333333333333, 1.0, 11.0, 0]
174 [4.56989247311828, 2.4193548387096775, 2.1505376344086025, 13.440860215053762, 11.021505376344086, 15.32258064516129, 0.8064516129032258, 0.5376344086021506, 5.376344086021505, 5.64516129032258, 0.5376344086021506, 0.0, 0.0, 0.8064516129032258, 17, 1.0, 1.6470588235294117, 15.678571428571429, 25.823529411764707, 2.2, 0.25252525252525254, 0.95, 0.0, 3.158273381294964, 11.0, 1]
175 [3.389830508474576, 1.694915254237288, 1.694915254237288, 16.94915254237288, 11.864406779661017, 18.64406779661017, 1.694915254237288, 5.084745762711865, 3.389830508474576, 1.694915254237288, 0.0, 0.0, 0.0, 0.0, 1, 3.6666666666666665, 9.0, 7.222222222222222, 65.0, 1.0, 0.44, 0.6666666666666666, 0.0, 1.2745098039215685, 21.666666666666668, 0]
176 [4.464285714285714, 3.125, 1.3392857142857142, 12.5, 12.946428571428573, 13.392857142857142, 0.4464285714285714, 0.4464285714285714, 5.803571428571429, 4.464285714285714, 0.8928571428571428, 0.0, 0.0, 0.0, 9, 1.5833333333333333, 2.0, 14.61111111111111, 29.22222222222222, 1.8333333333333333, 0.272, 0.75, 0.0, 1.6751592356687899, 32.0, 1]
177 [3.8461538461538463, 2.197802197802198, 1.6483516483516485, 12.087912087912088, 15.384615384615385, 12.637362637362637, 2.7472527472527473, 0.5494505494505495, 4.945054945054945, 2.197802197802198, 0.5494505494505495, 0.0, 0.0, 1.098901098901099, 9, 1.0, 1.3333333333333333, 17.583333333333332, 23.444444444444443, 1.4, 0.33663366336633666, 0.8, 0.0, 1.8189655172413792, 25.0, 1]
178 [8.875739644970414, 7.100591715976331, 1.7751479289940828, 9.467455621301776, 21.301775147928996, 9.467455621301776, 1.183431952662722, 3.5502958579881656, 5.325443786982249, 5.325443786982249, 0.0, 0.0, 0.0, 0.0, 7, 1.0, 2.7142857142857144, 11.105263157894736, 30.142857142857142, 2.0, 0.26262626262626265, 2.0, 0.0, 1.7295081967213115, 36.0, 0]
179 [7.926829268292683, 5.691056910569105, 2.2357723577235773, 12.601626016260163, 14.83739837398374, 14.227642276422763, 2.0325203252032518, 2.642276422764228, 4.2682926829268295, 5.691056910569105, 2.0325203252032518, 0.20325203252032523, 0.0, 0.40650406504065045, 24, 3.1176470588235294, 2.5833333333333335, 9.67741935483871, 25.0, 1.7058823529411764, 0.3614457831325301, 0.7647058823529411, 0.0, 2.0547945205479454, 12.0, 0]
180 [5.896805896805897, 4.422604422604422, 1.4742014742014742, 11.302211302211303, 17.444717444717444, 13.267813267813267, 3.194103194103194, 1.71990171990172, 9.336609336609335, 2.7027027027027026, 0.2457002457002457, 0.0, 0.2457002457002457, 0.0, 17, 1.0833333333333333, 5.294117647058823, 5.388888888888889, 28.529411764705884, 1.2777777777777777, 0.28019323671497587, 0.8333333333333334, 0.05555555555555555, 2.012448132780083, 16.0, 0]
181 [5.86080586080586, 5.4945054945054945, 0.3663003663003663, 13.186813186813188, 17.216117216117215, 13.91941391941392, 2.93040293040293, 1.465201465201465, 4.395604395604396, 2.564102564102564, 1.098901098901099, 0.0, 0.0, 0.0, 8, 1.5625, 4.5, 8.944444444444445, 40.25, 1.375, 0.27611940298507465, 1.0, 0.0, 1.9053254437869822, 28.0, 0]
182 [1.6042780748663104, 0.8021390374331552, 0.8021390374331552, 10.16042780748663, 11.76470588235294, 11.497326203208557, 0.8021390374331552, 1.6042780748663104, 3.4759358288770055, 8.823529411764707, 0.0, 0.53475935828877, 0.0, 0.0, 14, 1.6428571428571428, 1.4285714285714286, 22.25, 31.785714285714285, 3.4285714285714284, 0.2955665024630542, 0.6428571428571429, 0.0, 2.2938144329896906, 23.0, 0]
183 [7.581227436823104, 6.4981949458483745, 1.083032490974729, 7.2202166064981945, 17.689530685920577, 7.581227436823104, 2.527075812274368, 1.8050541516245486, 3.9711191335740073, 3.9711191335740073, 0.0, 0.0, 0.0, 2.527075812274368, 6, 1.0, 10.0, 5.533333333333333, 55.333333333333336, 1.6875, 0.28368794326241137, 1.5, 0.0, 2.062111801242236, 24.333333333333332, 1]
184 [6.0109289617486334, 4.371584699453552, 1.639344262295082, 13.934426229508196, 14.48087431693989, 15.300546448087433, 2.185792349726776, 2.73224043715847, 5.46448087431694, 6.0109289617486334, 0.0, 0.0, 0.0, 0.0, 5, 1.0, 11.0, 8.181818181818182, 90.0, 2.466666666666667, 0.32524271844660196, 1.5333333333333334, 0.0, 1.8907563025210083, 59.0, 1]
185 [3.6585365853658534, 3.048780487804878, 0.6097560975609756, 10.365853658536585, 15.24390243902439, 10.365853658536585, 1.8292682926829267, 0.6097560975609756, 5.487804878048781, 3.048780487804878, 0.0, 0.0, 0.0, 0.6097560975609756, 4, 1.0, 7.5, 6.366666666666666, 47.75, 1.5, 0.35443037974683544, 0.6, 0.0, 1.6050420168067228, 16.0, 1]
186 [4.900181488203267, 3.6297640653357535, 1.2704174228675136, 11.978221415607985, 15.60798548094374, 12.704174228675136, 2.35934664246824, 3.2667876588021776, 5.807622504537205, 5.263157894736842, 0.7259528130671506, 0.0, 0.0, 0.0, 11, 1.0, 12.0, 5.007575757575758, 60.09090909090909, 1.96875, 0.3548387096774194, 0.90625, 0.0, 2.072100313479624, 28.333333333333332, 0]
187 [10.0, 5.3125, 4.6875, 16.875, 11.875, 18.125, 1.5625, 2.1875, 7.187499999999999, 8.4375, 0.625, 0.0, 0.3125, 0.0, 16, 1.6666666666666667, 3.0, 8.708333333333334, 26.125, 2.1666666666666665, 0.2866666666666667, 1.3333333333333333, 0.0, 2.1218274111675126, 33.0, 1]
188 [9.58904109589041, 8.904109589041095, 0.684931506849315, 11.986301369863012, 17.80821917808219, 14.04109589041096, 2.3972602739726026, 3.0821917808219177, 7.191780821917808, 7.534246575342466, 0.3424657534246575, 0.0, 0.684931506849315, 0.3424657534246575, 4, 1.0, 45.75, 2.010928961748634, 92.0, 2.142857142857143, 0.425531914893617, 1.0476190476190477, 0.047619047619047616, 2.13953488372093, 59.0, 0]
189 [5.714285714285714, 1.5873015873015872, 4.1269841269841265, 9.523809523809524, 14.603174603174605, 9.841269841269842, 0.6349206349206349, 1.9047619047619049, 4.1269841269841265, 2.857142857142857, 0.9523809523809524, 0.0, 0.0, 0.0, 3, 1.4545454545454546, 14.333333333333334, 8.883720930232558, 127.33333333333333, 2.090909090909091, 0.3684210526315789, 2.1818181818181817, 0.0, 1.9292929292929293, 32.2, 1]
190 [2.452316076294278, 1.08991825613079, 1.3623978201634876, 15.803814713896458, 10.899182561307901, 16.348773841961854, 1.3623978201634876, 2.17983651226158, 7.084468664850137, 6.539509536784741, 0.0, 0.0, 0.0, 0.0, 5, 1.0, 7.8, 10.897435897435898, 85.0, 2.8461538461538463, 0.3615819209039548, 1.0, 0.0, 1.8398268398268398, 45.0, 1]
191 [8.837209302325581, 6.511627906976744, 2.3255813953488373, 9.30232558139535, 17.674418604651162, 11.162790697674419, 2.3255813953488373, 1.3953488372093024, 6.046511627906977, 5.5813953488372094, 0.46511627906976744, 0.0, 0.0, 0.0, 7, 1.0, 6.142857142857143, 6.325581395348837, 38.857142857142854, 2.0, 0.28205128205128205, 1.6923076923076923, 0.0, 1.5722543352601157, 31.25, 0]
192 [8.835341365461847, 7.630522088353414, 1.2048192771084338, 14.056224899598394, 18.072289156626507, 15.261044176706829, 2.8112449799196786, 2.8112449799196786, 5.622489959839357, 5.622489959839357, 0.4016064257028112, 0.0, 0.4016064257028112, 0.4016064257028112, 8, 1.0, 4.75, 8.236842105263158, 39.125, 1.9375, 0.4434782608695652, 1.4375, 0.0, 1.7784090909090908, 25.0, 1]
193 [6.597222222222222, 4.861111111111112, 1.7361111111111112, 11.805555555555555, 14.930555555555555, 13.194444444444445, 2.083333333333333, 2.7777777777777777, 5.902777777777778, 4.513888888888888, 0.0, 0.0, 0.3472222222222222, 0.3472222222222222, 8, 1.0, 6.5, 6.480769230769231, 42.125, 1.8125, 0.3798449612403101, 1.0625, 0.0, 1.9039548022598871, 21.0, 1]
194 [7.5892857142857135, 5.357142857142857, 2.232142857142857, 13.169642857142858, 16.294642857142858, 13.616071428571427, 1.3392857142857142, 0.8928571428571428, 4.910714285714286, 4.017857142857143, 0.4464285714285714, 0.0, 0.0, 0.2232142857142857, 14, 1.411764705882353, 1.6428571428571428, 22.52173913043478, 37.0, 2.235294117647059, 0.2231404958677686, 2.176470588235294, 0.0, 2.3545454545454545, 27.0, 1]
195 [6.182795698924731, 3.494623655913978, 2.6881720430107525, 12.903225806451612, 15.32258064516129, 13.709677419354838, 0.5376344086021506, 0.2688172043010753, 5.10752688172043, 5.376344086021505, 0.0, 0.0, 0.0, 0.0, 5, 1.0, 7.4, 11.837837837837839, 87.6, 2.5384615384615383, 0.19815668202764977, 2.076923076923077, 0.0, 1.9126637554585153, 17.5, 1]
196 [8.108108108108109, 6.306306306306306, 1.8018018018018018, 12.612612612612612, 17.117117117117118, 14.414414414414415, 1.8018018018018018, 1.8018018018018018, 4.054054054054054, 2.7027027027027026, 0.0, 0.0, 0.0, 0.0, 3, 1.4444444444444444, 13.666666666666666, 6.146341463414634, 84.0, 1.5555555555555556, 0.3333333333333333, 2.0, 0.0, 1.5365853658536586, 25.2, 1]
197 [6.832298136645963, 4.3478260869565215, 2.484472049689441, 16.149068322981368, 13.043478260869565, 19.875776397515526, 3.7267080745341614, 3.1055900621118013, 4.3478260869565215, 5.590062111801243, 0.0, 0.0, 0.0, 0.6211180124223602, 8, 1.0, 1.0, 23.375, 23.375, 2.125, 0.4225352112676056, 1.375, 0.0, 1.5454545454545454, 14.0, 1]
198 [12.5, 9.558823529411764, 2.941176470588235, 15.441176470588236, 19.11764705882353, 16.911764705882355, 1.4705882352941175, 2.941176470588235, 5.88235294117647, 2.941176470588235, 2.2058823529411766, 0.0, 2.941176470588235, 0.0, 8, 1.0, 2.875, 7.173913043478261, 20.625, 1.4545454545454546, 0.19696969696969696, 1.1818181818181819, 0.09090909090909091, 1.7934782608695652, 13.0, 1]
199 [2.4271844660194173, 1.9417475728155338, 0.48543689320388345, 12.135922330097088, 15.776699029126215, 12.62135922330097, 3.1553398058252426, 1.6990291262135921, 3.640776699029126, 3.640776699029126, 0.48543689320388345, 0.24271844660194172, 0.48543689320388345, 0.0, 13, 3.411764705882353, 2.5384615384615383, 15.030303030303031, 38.15384615384615, 1.9411764705882353, 0.319634703196347, 0.8235294117647058, 0.0, 2.0928270042194095, 19.0, 1]
200 [9.006928406466514, 7.390300230946882, 1.6166281755196306, 12.471131639722865, 15.704387990762125, 13.856812933025402, 1.1547344110854503, 1.6166281755196306, 3.9260969976905313, 5.311778290993072, 0.0, 0.0, 0.23094688221709006, 0.0, 13, 1.3157894736842106, 2.8461538461538463, 14.243243243243244, 40.53846153846154, 2.1578947368421053, 0.3271889400921659, 1.9473684210526316, 0.0, 2.233050847457627, 21.0, 1]
201 [5.095541401273886, 3.821656050955414, 1.2738853503184715, 14.64968152866242, 14.64968152866242, 15.92356687898089, 1.910828025477707, 3.5031847133757963, 5.095541401273886, 5.095541401273886, 0.3184713375796179, 0.0, 0.0, 0.0, 9, 1.0, 6.444444444444445, 6.568965517241379, 42.333333333333336, 2.1875, 0.28289473684210525, 1.3125, 0.0, 1.8676470588235294, 20.666666666666668, 1]
202 [4.123711340206185, 3.0927835051546393, 1.0309278350515463, 11.34020618556701, 14.432989690721648, 11.34020618556701, 0.0, 2.0618556701030926, 9.278350515463918, 3.0927835051546393, 0.0, 0.0, 0.0, 0.0, 1, 1.125, 64.0, 1.765625, 113.0, 1.25, 0.27450980392156865, 0.625, 0.0, 1.4487179487179487, 14.125, 1]
203 [2.26628895184136, 1.69971671388102, 0.56657223796034, 14.730878186968837, 13.031161473087819, 16.147308781869686, 0.84985835694051, 1.69971671388102, 5.94900849858357, 4.2492917847025495, 0.0, 0.0, 0.0, 0.0, 8, 1.0, 4.125, 12.212121212121213, 50.375, 2.0, 0.3231707317073171, 0.6, 0.0, 2.0989583333333335, 32.0, 1]
204 [7.487922705314009, 6.763285024154589, 0.7246376811594203, 10.869565217391305, 16.908212560386474, 12.318840579710146, 3.864734299516908, 1.2077294685990339, 2.4154589371980677, 7.004830917874397, 0.0, 0.0, 0.0, 0.24154589371980675, 8, 1.0, 2.625, 23.61904761904762, 62.0, 3.6363636363636362, 0.3401015228426396, 2.909090909090909, 0.0, 1.984, 88.0, 1]
205 [11.96808510638298, 9.308510638297872, 2.6595744680851063, 13.829787234042554, 16.75531914893617, 15.159574468085108, 1.5957446808510638, 2.127659574468085, 4.25531914893617, 3.1914893617021276, 1.0638297872340425, 0.0, 0.0, 0.26595744680851063, 8, 1.0, 9.625, 5.8441558441558445, 56.25, 1.6842105263157894, 0.27918781725888325, 1.5789473684210527, 0.0, 2.1634615384615383, 32.0, 1]
206 [7.08955223880597, 5.970149253731343, 1.1194029850746268, 12.313432835820896, 16.417910447761194, 13.059701492537313, 2.6119402985074625, 2.2388059701492535, 5.223880597014925, 3.3582089552238807, 0.3731343283582089, 0.0, 0.3731343283582089, 0.0, 13, 1.0, 1.4615384615384615, 17.105263157894736, 25.0, 2.0, 0.3284671532846715, 1.7272727272727273, 0.0, 1.9938650306748467, 36.0, 1]
207 [5.327868852459016, 3.6885245901639343, 1.639344262295082, 13.934426229508196, 14.344262295081966, 15.163934426229508, 1.639344262295082, 0.819672131147541, 5.327868852459016, 5.737704918032787, 0.0, 0.0, 0.0, 0.4098360655737705, 9, 1.75, 2.4444444444444446, 13.454545454545455, 32.888888888888886, 2.1666666666666665, 0.3504273504273504, 1.1666666666666667, 0.0, 1.8048780487804879, 36.5, 0]
208 [10.545454545454545, 8.363636363636363, 2.181818181818182, 14.363636363636365, 18.545454545454547, 14.909090909090908, 2.3636363636363638, 1.6363636363636365, 4.363636363636364, 6.363636363636363, 0.0, 0.36363636363636365, 0.0, 0.0, 4, 1.0, 30.25, 5.595041322314049, 169.25, 2.761904761904762, 0.3225806451612903, 2.4285714285714284, 0.0, 2.5938697318007664, 28.0, 1]
209 [3.076923076923077, 3.076923076923077, 0.0, 10.384615384615385, 17.307692307692307, 11.923076923076923, 2.307692307692308, 1.9230769230769231, 4.615384615384616, 7.6923076923076925, 0.0, 0.38461538461538464, 0.0, 0.38461538461538464, 8, 1.0, 2.125, 18.764705882352942, 39.875, 2.909090909090909, 0.323943661971831, 1.0909090909090908, 0.0, 1.9216867469879517, 36.0, 1]
210 [2.348993288590604, 1.5100671140939599, 0.8389261744966443, 11.409395973154362, 13.25503355704698, 12.416107382550337, 0.16778523489932887, 1.174496644295302, 4.3624161073825505, 5.369127516778524, 0.33557046979865773, 1.006711409395973, 0.16778523489932887, 0.0, 25, 1.0, 1.44, 20.416666666666668, 29.4, 2.5384615384615383, 0.21138211382113822, 0.5769230769230769, 0.0, 3.1956521739130435, 36.0, 0]
211 [9.285714285714286, 8.571428571428571, 0.7142857142857143, 10.714285714285714, 17.857142857142858, 12.857142857142856, 2.857142857142857, 4.285714285714286, 5.714285714285714, 6.428571428571428, 0.7142857142857143, 0.0, 0.7142857142857143, 1.4285714285714286, 9, 1.0, 2.2222222222222223, 8.9, 19.77777777777778, 2.0, 0.4, 1.3, 0.0, 1.6036036036036037, 25.0, 1]
212 [3.5623409669211195, 2.7989821882951653, 0.7633587786259541, 15.521628498727736, 12.46819338422392, 17.048346055979643, 1.2722646310432568, 1.0178117048346056, 6.615776081424936, 8.396946564885496, 0.7633587786259541, 0.0, 0.2544529262086514, 0.0, 18, 1.0, 2.8333333333333335, 10.019607843137255, 28.38888888888889, 2.5217391304347827, 0.3118811881188119, 0.43478260869565216, 0.0, 2.1470588235294117, 23.0, 0]
213 [5.5045871559633035, 5.045871559633028, 0.45871559633027525, 12.614678899082568, 15.825688073394495, 12.844036697247708, 2.293577981651376, 0.9174311926605505, 4.81651376146789, 5.045871559633028, 0.22935779816513763, 0.0, 0.6880733944954129, 0.0, 14, 1.1304347826086956, 3.2142857142857144, 11.666666666666666, 37.5, 1.9565217391304348, 0.2815126050420168, 1.0434782608695652, 0.0, 2.1, 20.0, 1]
214 [14.484679665738161, 12.813370473537605, 1.6713091922005572, 10.86350974930362, 19.220055710306408, 13.09192200557103, 3.6211699164345403, 2.785515320334262, 11.420612813370473, 5.013927576601671, 2.785515320334262, 0.0, 0.0, 0.5571030640668524, 15, 1.0606060606060606, 5.933333333333334, 5.46067415730337, 32.4, 1.8484848484848484, 0.43529411764705883, 1.3636363636363635, 0.15151515151515152, 2.394088669950739, 13.333333333333334, 0]
215 [5.263157894736842, 4.986149584487535, 0.2770083102493075, 11.080332409972298, 15.789473684210526, 13.850415512465375, 2.4930747922437675, 1.10803324099723, 6.64819944598338, 3.32409972299169, 0.0, 0.0, 0.2770083102493075, 0.0, 15, 1.1538461538461537, 3.3333333333333335, 8.66, 28.866666666666667, 1.4230769230769231, 0.366120218579235, 0.7692307692307693, 0.0, 1.8270042194092826, 11.0, 1]
216 [2.3923444976076556, 1.4354066985645932, 0.9569377990430622, 15.311004784688995, 12.918660287081341, 15.789473684210526, 1.9138755980861244, 0.4784688995215311, 2.8708133971291865, 3.827751196172249, 0.4784688995215311, 0.0, 0.9569377990430622, 0.4784688995215311, 7, 1.0, 2.5714285714285716, 13.444444444444445, 34.57142857142857, 1.8, 0.23636363636363636, 0.5, 0.0, 1.7925925925925925, 21.5, 1]
217 [9.826589595375722, 4.624277456647398, 5.202312138728324, 10.69364161849711, 15.028901734104046, 11.849710982658959, 2.312138728323699, 2.023121387283237, 3.7572254335260116, 2.8901734104046244, 1.7341040462427744, 0.0, 1.4450867052023122, 0.2890173410404624, 11, 1.0, 3.909090909090909, 9.720930232558139, 38.0, 1.8421052631578947, 0.3016759776536313, 1.9473684210526316, 0.0, 1.9624413145539905, 28.0, 0]
218 [4.612850082372323, 3.2125205930807246, 1.400329489291598, 15.074135090609555, 13.550247116968697, 16.062602965403624, 2.224052718286656, 1.441515650741351, 4.077429983525535, 7.042833607907744, 0.2471169686985173, 0.16474464579901155, 0.04118616144975289, 0.0, 56, 1.0388349514563107, 4.232142857142857, 12.434599156118143, 52.625, 2.6699029126213594, 0.2871046228710462, 1.2135922330097086, 0.0, 3.471142520612485, 12.0, 1]
219 [5.9880239520958085, 4.790419161676647, 1.1976047904191618, 13.17365269461078, 15.269461077844312, 14.37125748502994, 0.8982035928143712, 0.8982035928143712, 5.089820359281437, 4.191616766467066, 1.1976047904191618, 0.0, 0.0, 0.5988023952095809, 11, 1.0, 4.7272727272727275, 7.615384615384615, 36.0, 1.6818181818181819, 0.3048780487804878, 0.9090909090909091, 0.0, 2.0307692307692307, 14.0, 1]
220 [3.9473684210526314, 2.631578947368421, 1.3157894736842104, 10.526315789473683, 14.912280701754385, 11.18421052631579, 1.3157894736842104, 1.3157894736842104, 4.605263157894736, 4.166666666666666, 0.6578947368421052, 0.0, 0.43859649122807015, 0.0, 22, 1.25, 1.4545454545454546, 16.9375, 24.636363636363637, 1.7083333333333333, 0.35443037974683544, 0.875, 0.0, 2.1171875, 27.0, 1]
221 [11.6331096196868, 9.172259507829978, 2.460850111856823, 10.961968680089486, 18.120805369127517, 11.185682326621924, 2.460850111856823, 0.22371364653243847, 3.3557046979865772, 6.263982102908278, 2.013422818791946, 0.0, 2.013422818791946, 0.22371364653243847, 12, 1.0, 5.416666666666667, 8.8, 47.666666666666664, 2.48, 0.4072398190045249, 1.6, 0.08, 2.3157894736842106, 39.0, 1]
222 [6.827309236947792, 6.024096385542169, 0.8032128514056224, 13.453815261044177, 17.46987951807229, 14.257028112449799, 2.4096385542168677, 2.208835341365462, 3.815261044176707, 5.421686746987952, 0.4016064257028112, 0.0, 0.0, 0.0, 16, 1.25, 1.75, 22.285714285714285, 39.0, 2.4, 0.2889733840304182, 1.6, 0.0, 2.3547169811320754, 22.0, 1]
223 [3.076923076923077, 1.5384615384615385, 1.5384615384615385, 11.076923076923077, 14.461538461538462, 11.076923076923077, 1.8461538461538463, 4.0, 5.846153846153846, 4.923076923076923, 0.3076923076923077, 0.0, 0.0, 0.0, 11, 1.0, 3.272727272727273, 10.583333333333334, 34.63636363636363, 1.8888888888888888, 0.39622641509433965, 0.5555555555555556, 0.0, 1.7477064220183487, 23.0, 0]
224 [5.510204081632653, 3.6734693877551026, 1.8367346938775513, 12.448979591836734, 14.69387755102041, 12.653061224489795, 3.2653061224489797, 1.0204081632653061, 4.6938775510204085, 6.73469387755102, 0.40816326530612246, 0.40816326530612246, 0.0, 0.0, 11, 1.0, 5.636363636363637, 9.67741935483871, 54.54545454545455, 2.5, 0.3717948717948718, 1.25, 0.0, 2.1352313167259784, 25.0, 1]
225 [6.102635228848821, 5.409153952843273, 0.6934812760055479, 12.89875173370319, 17.05963938973648, 13.592233009708737, 2.912621359223301, 2.7739251040221915, 5.9639389736477115, 5.131761442441054, 0.27739251040221913, 0.0, 0.27739251040221913, 0.4160887656033287, 24, 1.1951219512195121, 5.375, 6.930232558139535, 37.25, 1.9024390243902438, 0.38082191780821917, 1.2195121951219512, 0.0, 2.5325779036827196, 18.75, 0]
226 [8.571428571428571, 6.349206349206349, 2.2222222222222223, 11.746031746031745, 16.507936507936506, 13.968253968253968, 1.9047619047619049, 2.5396825396825395, 4.761904761904762, 3.8095238095238098, 0.31746031746031744, 0.0, 0.31746031746031744, 0.0, 7, 1.0, 5.428571428571429, 9.921052631578947, 53.857142857142854, 1.75, 0.38028169014084506, 2.0625, 0.0, 1.7867298578199051, 33.0, 1]
227 [4.659498207885305, 3.942652329749104, 0.7168458781362007, 11.11111111111111, 16.48745519713262, 11.827956989247312, 1.7921146953405016, 0.7168458781362007, 7.526881720430108, 2.867383512544803, 0.35842293906810035, 0.0, 0.0, 0.35842293906810035, 10, 1.0, 1.8, 17.72222222222222, 31.9, 1.6666666666666667, 0.21518987341772153, 1.0, 0.0, 1.8654970760233918, 25.0, 1]
228 [8.355091383812011, 7.5718015665796345, 0.7832898172323759, 11.488250652741515, 16.710182767624023, 12.27154046997389, 4.43864229765013, 1.8276762402088773, 5.7441253263707575, 4.43864229765013, 0.0, 0.0, 0.26109660574412535, 0.7832898172323759, 15, 1.0, 3.3333333333333335, 9.6, 32.0, 1.875, 0.3431372549019608, 1.0, 0.0, 2.1333333333333333, 38.0, 1]
229 [3.9301310043668125, 3.056768558951965, 0.8733624454148471, 13.537117903930133, 10.91703056768559, 15.72052401746725, 0.43668122270742354, 1.3100436681222707, 3.056768558951965, 5.240174672489083, 0.0, 0.0, 0.0, 0.0, 6, 1.25, 3.0, 14.777777777777779, 44.333333333333336, 2.375, 0.37037037037037035, 1.25, 0.0, 1.6625, 65.0, 0]
230 [13.675213675213676, 11.538461538461538, 2.1367521367521367, 10.256410256410255, 20.94017094017094, 10.683760683760683, 2.1367521367521367, 1.282051282051282, 4.700854700854701, 1.7094017094017095, 0.8547008547008548, 0.0, 0.4273504273504274, 1.7094017094017095, 11, 1.9047619047619047, 5.0, 5.0, 25.0, 1.0476190476190477, 0.29906542056074764, 1.380952380952381, 0.0, 1.7741935483870968, 2.0, 0]
231 [5.660377358490567, 4.40251572327044, 1.257861635220126, 14.465408805031446, 19.49685534591195, 15.09433962264151, 3.1446540880503147, 2.515723270440252, 5.660377358490567, 1.257861635220126, 0.628930817610063, 0.0, 0.0, 1.257861635220126, 7, 1.0, 2.857142857142857, 9.1, 26.0, 1.4, 0.25301204819277107, 1.1, 0.1, 1.5826086956521739, 18.0, 0]
232 [8.498583569405099, 5.94900849858357, 2.5495750708215295, 9.91501416430595, 18.69688385269122, 10.198300283286118, 2.26628895184136, 1.69971671388102, 6.232294617563739, 2.5495750708215295, 0.0, 0.0, 0.0, 1.69971671388102, 13, 1.0769230769230769, 5.538461538461538, 5.888888888888889, 32.61538461538461, 1.3461538461538463, 0.2756756756756757, 1.3461538461538463, 0.0, 2.12, 44.0, 0]
233 [2.666666666666667, 0.8, 1.866666666666667, 14.666666666666666, 12.8, 16.0, 2.666666666666667, 1.0666666666666667, 5.6000000000000005, 5.066666666666666, 0.5333333333333333, 0.0, 0.0, 0.0, 11, 1.0, 5.363636363636363, 7.610169491525424, 40.81818181818182, 1.8695652173913044, 0.38011695906432746, 0.5217391304347826, 0.0, 1.8786610878661087, 17.5, 0]
234 [4.555808656036446, 3.644646924829157, 0.9111617312072893, 10.478359908883828, 16.173120728929387, 11.161731207289293, 2.277904328018223, 2.050113895216401, 4.783599088838269, 2.733485193621868, 0.45558086560364464, 0.22779043280182232, 0.0, 0.683371298405467, 14, 1.0, 2.642857142857143, 14.405405405405405, 38.07142857142857, 1.6666666666666667, 0.3684210526315789, 1.0952380952380953, 0.0, 2.026615969581749, 44.0, 1]
235 [10.287081339712918, 7.655502392344498, 2.631578947368421, 13.157894736842104, 15.789473684210526, 14.5933014354067, 2.631578947368421, 1.674641148325359, 3.349282296650718, 7.4162679425837315, 0.7177033492822966, 0.23923444976076555, 0.23923444976076555, 0.4784688995215311, 5, 1.0, 11.6, 9.03448275862069, 104.8, 3.25, 0.3333333333333333, 1.8125, 0.0625, 2.007662835249042, 27.2, 1]
236 [6.896551724137931, 6.896551724137931, 0.0, 12.643678160919542, 14.942528735632186, 17.24137931034483, 1.1494252873563218, 3.4482758620689653, 2.2988505747126435, 5.747126436781609, 1.1494252873563218, 0.0, 1.1494252873563218, 0.0, 3, 1.0, 1.0, 34.0, 34.0, 2.6666666666666665, 0.26666666666666666, 2.0, 0.0, 1.3972602739726028, 35.0, 1]
237 [5.106382978723404, 2.9787234042553195, 2.127659574468085, 15.74468085106383, 13.191489361702127, 18.72340425531915, 2.553191489361702, 2.9787234042553195, 4.680851063829787, 5.957446808510639, 0.425531914893617, 0.0, 0.0, 0.0, 6, 1.0, 3.8333333333333335, 11.608695652173912, 44.5, 2.3636363636363638, 0.3211009174311927, 1.0, 0.0, 1.679245283018868, 17.0, 1]
238 [9.375, 8.25, 1.125, 11.5, 17.5, 13.125, 3.75, 2.125, 8.125, 4.25, 0.125, 0.0, 0.125, 0.125, 10, 1.0, 51.7, 1.9168278529980658, 99.1, 1.5932203389830508, 0.38873994638069703, 1.2881355932203389, 0.01694915254237288, 2.4837092731829573, 15.0, 0]
239 [10.714285714285714, 10.714285714285714, 0.0, 7.142857142857142, 21.428571428571427, 7.142857142857142, 3.571428571428571, 3.571428571428571, 3.571428571428571, 0.0, 0.0, 0.0, 0.0, 0.0, 1, 1.0, 1.0, 34.0, 34.0, 1.0, 0.26666666666666666, 4.0, 0.0, 1.3076923076923077, 34.0, 1]
240 [12.711864406779661, 11.864406779661017, 0.847457627118644, 12.711864406779661, 18.64406779661017, 12.711864406779661, 1.694915254237288, 4.23728813559322, 4.23728813559322, 5.932203389830509, 0.0, 0.0, 0.0, 0.0, 5, 1.0, 1.8, 16.666666666666668, 30.0, 2.4, 0.35294117647058826, 2.4, 0.0, 1.7241379310344827, 39.0, 0]
241 [12.719298245614036, 11.62280701754386, 1.0964912280701753, 10.526315789473683, 20.175438596491226, 10.526315789473683, 3.508771929824561, 3.070175438596491, 5.921052631578947, 6.798245614035088, 0.0, 0.0, 0.8771929824561403, 0.8771929824561403, 12, 1.0, 10.0, 4.825, 48.25, 1.911764705882353, 0.375, 1.8529411764705883, 0.058823529411764705, 2.2099236641221376, 19.5, 0]
242 [5.187319884726225, 4.899135446685879, 0.2881844380403458, 11.815561959654179, 18.73198847262248, 12.39193083573487, 2.0172910662824206, 0.2881844380403458, 4.899135446685879, 4.322766570605188, 0.2881844380403458, 0.0, 0.2881844380403458, 0.5763688760806917, 10, 1.0, 4.5, 9.444444444444445, 42.5, 1.7894736842105263, 0.35195530726256985, 1.4210526315789473, 0.0, 2.135678391959799, 21.0, 1]
243 [7.088122605363985, 6.321839080459771, 0.7662835249042145, 13.601532567049809, 17.24137931034483, 15.708812260536398, 1.532567049808429, 1.532567049808429, 4.21455938697318, 4.789272030651341, 0.0, 0.0, 0.38314176245210724, 0.38314176245210724, 14, 1.0, 3.642857142857143, 12.215686274509803, 44.5, 1.92, 0.236, 1.72, 0.0, 2.4054054054054053, 22.0, 1]
244 [10.631229235880399, 9.30232558139535, 1.3289036544850499, 10.96345514950166, 17.275747508305646, 11.627906976744185, 3.6544850498338874, 1.6611295681063125, 4.983388704318937, 5.3156146179401995, 0.6644518272425249, 0.0, 0.33222591362126247, 0.0, 6, 1.0, 8.333333333333334, 7.4, 61.666666666666664, 2.2142857142857144, 0.3032258064516129, 2.0714285714285716, 0.0, 1.989247311827957, 35.0, 1]
245 [9.24092409240924, 7.920792079207921, 1.3201320132013201, 12.871287128712872, 20.13201320132013, 14.19141914191419, 2.31023102310231, 2.31023102310231, 5.6105610561056105, 4.62046204620462, 1.3201320132013201, 0.0, 0.0, 0.0, 13, 1.0, 2.6923076923076925, 10.742857142857142, 28.923076923076923, 1.7894736842105263, 0.32919254658385094, 1.5263157894736843, 0.0, 1.9086294416243654, 17.0, 1]
246 [2.307692307692308, 1.153846153846154, 1.153846153846154, 11.923076923076923, 11.153846153846155, 13.076923076923078, 1.153846153846154, 0.38461538461538464, 4.230769230769231, 3.4615384615384617, 0.7692307692307693, 0.0, 0.0, 0.0, 11, 2.0, 2.3636363636363638, 11.346153846153847, 26.818181818181817, 1.5714285714285714, 0.31851851851851853, 0.42857142857142855, 0.0, 2.006802721088435, 17.333333333333332, 1]
AVG Not Falsification Feature Scores
[31.12293960169541, 23.98610261841046, 7.136836983284945, 58.58346391739853, 73.52608911936044, 64.10949057689669, 9.929541695236509, 9.096392680168005, 24.173667519145503, 21.976159156963085, 2.2072657293568145, 0.2110944747734777, 1.5436408997621376, 1.3280898514601645, 51.30769230769231, 5.752506967951735, 29.749636077518314, 56.082049820994705, 218.24623636746023, 9.392059750250258, 1.552923812985386, 6.143941587088881, 0.08072653240658839, 9.32426976014607, 128.14455128205128, 2.923076923076923]
AVG Falsification Feature Scores
[25.669600917126527, 18.894932469414172, 6.774668447712349, 61.98154714807469, 68.96548374691393, 67.0902932373551, 7.323141887450773, 7.541912227798973, 26.70008822793384, 25.894771744673832, 0.9823539937260996, 0.19370589971702962, 0.48662886050200405, 0.19599505857657223, 109.03846153846153, 6.0887533951886175, 15.358000531744933, 67.40573192296128, 175.04653428295012, 10.32703804297476, 1.3902792506323485, 5.3547529353000565, 0.04131689343107171, 10.983374597533665, 136.1217948717949, 3.423076923076923]
Correct classifications:  23
Total classifications:    28
('SVM Test set score: ', 0.8214285714285714)
         152243788 function calls (151819689 primitive calls) in 217.193 seconds
