Satire Stories for Training:  380
Satire Stories for Testing:  95
C:\Python27\lib\site-packages\sklearn\feature_extraction\text.py:1059: FutureWarning: Conversion of the second argument of issubdtype from `float` to `np.floating` is deprecated. In future, it will be treated as `np.float64 == np.dtype(float).type`.
  if hasattr(X, 'dtype') and np.issubdtype(X.dtype, np.float):
1 [6.0109289617486334, 3.278688524590164, 2.73224043715847, 12.021857923497267, 14.754098360655737, 13.661202185792352, 1.639344262295082, 1.092896174863388, 0, 16.39344262295082, 8.743169398907105, 0.0, 0.0, 0.0, 0.0, 0, 1]
2 [1.9348268839103868, 1.3238289205702647, 0.6109979633401221, 15.478615071283095, 10.183299389002038, 16.90427698574338, 2.5458248472505094, 1.120162932790224, 0, 10.590631364562118, 5.906313645621181, 0.7128309572301426, 0.0, 0.10183299389002036, 0.0, 0, 0]
3 [11.029411764705882, 8.455882352941178, 2.5735294117647056, 13.602941176470587, 20.22058823529412, 14.705882352941178, 2.5735294117647056, 1.4705882352941175, 0, 5.147058823529411, 5.88235294117647, 1.1029411764705883, 0.0, 0.0, 0.0, 0, 1]
4 [4.014598540145985, 2.9197080291970803, 1.094890510948905, 12.773722627737227, 14.5985401459854, 14.5985401459854, 1.824817518248175, 1.824817518248175, 0, 9.124087591240876, 8.394160583941606, 0.0, 0.0, 0.0, 0.0, 0, 1]
5 [3.872752420470263, 2.627939142461964, 1.2448132780082988, 13.692946058091287, 13.55463347164592, 14.937759336099585, 1.5214384508990317, 1.9363762102351314, 0, 17.15076071922545, 6.500691562932228, 0.0, 0.0, 0.0, 0.0, 0, 1]
6 [4.532304725168756, 2.892960462873674, 1.639344262295082, 14.175506268081003, 17.068466730954675, 16.00771456123433, 1.5429122468659595, 2.3143683702989395, 0, 11.957569913211186, 4.821600771456123, 0.5785920925747349, 0.19286403085824494, 0.28929604628736744, 0.0, 0, 1]
7 [3.1818181818181817, 1.5151515151515151, 1.6666666666666667, 14.696969696969697, 11.666666666666666, 16.21212121212121, 1.5151515151515151, 1.8181818181818181, 0, 14.696969696969697, 7.878787878787878, 0.0, 0.15151515151515152, 0.0, 0.0, 0, 0]
8 [3.7037037037037033, 2.674897119341564, 1.02880658436214, 13.580246913580247, 13.991769547325102, 14.19753086419753, 1.646090534979424, 0.6172839506172839, 0, 15.637860082304528, 4.732510288065844, 0.0, 0.0, 0.0, 0.0, 0, 1]
9 [6.032171581769437, 3.2171581769436997, 2.8150134048257374, 11.528150134048257, 15.281501340482572, 12.466487935656836, 1.4745308310991956, 2.4128686327077746, 0, 14.47721179624665, 8.445040214477212, 0.40214477211796246, 0.0, 0.5361930294906166, 0.0, 0, 0]
10 [4.918032786885246, 1.639344262295082, 3.278688524590164, 13.114754098360656, 13.934426229508196, 14.754098360655737, 0.0, 0.0, 0, 7.377049180327869, 1.639344262295082, 0.0, 0.0, 0.0, 0.0, 0, 0]
11 [4.761904761904762, 3.296703296703297, 1.465201465201465, 14.652014652014653, 17.216117216117215, 15.018315018315018, 0.7326007326007326, 2.197802197802198, 0, 15.018315018315018, 5.4945054945054945, 1.465201465201465, 0.0, 0.0, 0.3663003663003663, 0, 1]
12 [2.6548672566371683, 1.7699115044247788, 0.8849557522123894, 15.04424778761062, 15.929203539823009, 15.929203539823009, 0.0, 0.8849557522123894, 0, 8.849557522123893, 6.1946902654867255, 0.0, 0.0, 0.0, 0.8849557522123894, 0, 1]
13 [4.383282364933741, 3.567787971457696, 0.8154943934760449, 13.047910295616719, 13.65953109072375, 13.96534148827727, 1.4271151885830784, 2.4464831804281344, 0, 23.547400611620795, 9.378185524974516, 0.7135575942915392, 0.0, 0.3058103975535168, 0.0, 0, 1]
14 [2.8469750889679712, 2.6690391459074734, 0.1779359430604982, 14.768683274021353, 13.701067615658364, 15.480427046263346, 0.7117437722419928, 1.4234875444839856, 0, 12.099644128113878, 6.583629893238434, 0.0, 0.0, 0.0, 0.0, 0, 1]
15 [3.0201342281879198, 1.006711409395973, 2.013422818791946, 14.261744966442953, 12.248322147651008, 14.93288590604027, 0.8389261744966443, 1.006711409395973, 0, 13.25503355704698, 5.5369127516778525, 0.0, 0.0, 0.0, 0.0, 0, 1]
16 [1.1049723756906076, 1.1049723756906076, 0.0, 12.70718232044199, 13.535911602209943, 14.088397790055248, 2.7624309392265194, 2.7624309392265194, 0, 6.077348066298343, 7.458563535911603, 0.0, 0.0, 0.0, 0.0, 0, 0]
17 [2.0785219399538106, 1.1547344110854503, 0.9237875288683602, 15.011547344110854, 14.549653579676674, 15.935334872979215, 2.5404157043879905, 3.0023094688221708, 0, 6.697459584295612, 4.387990762124711, 0.0, 0.0, 0.0, 0.0, 0, 1]
18 [3.6544850498338874, 2.990033222591362, 0.6644518272425249, 15.282392026578073, 15.282392026578073, 15.946843853820598, 1.9933554817275747, 0.6644518272425249, 0, 12.29235880398671, 4.318936877076411, 0.33222591362126247, 0.0, 0.0, 0.0, 0, 1]
19 [2.416918429003021, 1.812688821752266, 0.6042296072507553, 15.407854984894259, 16.91842900302115, 16.91842900302115, 3.0211480362537766, 2.1148036253776437, 0, 8.761329305135952, 4.531722054380665, 1.2084592145015105, 0.0, 0.0, 0.0, 0, 0]
20 [7.3899371069182385, 5.267295597484277, 2.1226415094339623, 13.20754716981132, 16.430817610062892, 15.330188679245282, 1.4937106918238994, 1.729559748427673, 0, 21.61949685534591, 8.018867924528301, 0.4716981132075472, 0.0, 0.0, 0.0, 0, 1]
21 [7.326007326007327, 5.128205128205128, 2.197802197802198, 13.003663003663005, 15.567765567765568, 14.285714285714285, 2.7472527472527473, 1.282051282051282, 0, 14.102564102564102, 6.41025641025641, 0.7326007326007326, 0.0, 0.0, 0.0, 0, 0]
22 [4.166666666666666, 4.166666666666666, 0.0, 14.583333333333334, 16.666666666666664, 15.625, 1.0416666666666665, 5.208333333333334, 0, 7.291666666666667, 8.333333333333332, 1.0416666666666665, 0.0, 0.0, 1.0416666666666665, 0, 0]
23 [7.51953125, 5.6640625, 1.85546875, 12.98828125, 16.30859375, 14.2578125, 4.1015625, 1.85546875, 0, 16.30859375, 7.12890625, 0.5859375, 0.0, 0.1953125, 0.0, 0, 1]
24 [2.8440366972477067, 2.0183486238532113, 0.8256880733944955, 13.027522935779817, 13.853211009174313, 14.587155963302752, 1.1926605504587156, 1.743119266055046, 0, 14.495412844036698, 6.605504587155964, 0.09174311926605505, 0.1834862385321101, 0.0, 0.0, 0, 1]
25 [3.9335664335664338, 2.272727272727273, 1.6608391608391608, 12.412587412587413, 13.1993006993007, 13.636363636363635, 1.5734265734265735, 1.6608391608391608, 0, 15.909090909090908, 6.993006993006993, 0.0, 0.0, 0.0, 0.0, 0, 0]
26 [3.875968992248062, 2.3255813953488373, 1.550387596899225, 13.178294573643413, 13.178294573643413, 13.953488372093023, 3.10077519379845, 3.10077519379845, 0, 4.651162790697675, 4.651162790697675, 0.0, 0.0, 0.7751937984496124, 0.0, 0, 1]
27 [0.0, 0.0, 0.0, 19.217081850533805, 12.811387900355871, 20.284697508896798, 2.135231316725979, 1.0676156583629894, 0, 6.761565836298933, 4.98220640569395, 0.7117437722419928, 0.0, 0.0, 0.0, 0, 1]
28 [1.7123287671232876, 1.0273972602739725, 0.684931506849315, 15.41095890410959, 11.986301369863012, 17.80821917808219, 2.3972602739726026, 2.3972602739726026, 0, 12.32876712328767, 6.8493150684931505, 0.0, 0.684931506849315, 0.0, 0.0, 0, 1]
29 [3.9840637450199203, 2.921646746347941, 1.0624169986719787, 11.819389110225764, 14.741035856573706, 12.217795484727755, 1.7264276228419653, 1.593625498007968, 0, 10.358565737051793, 5.3120849933598935, 0.13280212483399734, 0.0, 0.0, 0.0, 0, 1]
30 [6.143344709897611, 3.8680318543799777, 2.2753128555176336, 13.42434584755404, 15.47212741751991, 14.562002275312855, 1.5927189988623434, 2.1615472127417523, 0, 19.681456200227533, 8.532423208191126, 0.4550625711035267, 0.22753128555176336, 0.4550625711035267, 0.0, 0, 0]
31 [3.2710280373831773, 2.803738317757009, 0.46728971962616817, 14.018691588785046, 12.616822429906541, 16.822429906542055, 2.803738317757009, 0.9345794392523363, 0, 11.682242990654206, 7.943925233644859, 0.0, 0.0, 0.0, 0.0, 0, 1]
32 [5.811138014527845, 4.842615012106537, 0.9685230024213075, 12.832929782082324, 15.980629539951574, 13.801452784503631, 1.694915254237288, 3.631961259079903, 0, 16.94915254237288, 8.47457627118644, 0.0, 0.0, 0.24213075060532688, 0.0, 0, 1]
33 [9.461235216819974, 6.57030223390276, 2.890932982917214, 13.403416557161629, 14.586070959264127, 14.848883048620237, 1.7082785808147174, 1.5768725361366622, 0, 22.996057818659658, 9.461235216819974, 0.1314060446780552, 0.5256241787122208, 0.1314060446780552, 0.0, 0, 0]
34 [4.916067146282973, 2.997601918465228, 1.9184652278177456, 13.069544364508392, 15.107913669064748, 13.908872901678656, 1.4388489208633095, 2.038369304556355, 0, 5.635491606714628, 4.556354916067146, 0.0, 0.0, 0.0, 0.0, 0, 0]
35 [8.745874587458747, 6.270627062706271, 2.4752475247524752, 15.016501650165019, 15.181518151815181, 16.17161716171617, 1.8151815181518154, 2.145214521452145, 0, 21.61716171617162, 6.9306930693069315, 0.0, 0.0, 0.0, 0.0, 0, 1]
36 [3.942652329749104, 2.6284348864994027, 1.3142174432497014, 12.066905615292713, 15.173237753882916, 12.664277180406213, 1.5531660692951015, 1.7921146953405016, 0, 7.646356033452808, 5.4958183990442055, 0.0, 0.23894862604540024, 0.4778972520908005, 0.0, 0, 0]
37 [2.5056947608200453, 2.050113895216401, 0.45558086560364464, 13.211845102505695, 13.439635535307518, 14.123006833712983, 2.733485193621868, 2.050113895216401, 0, 14.80637813211845, 5.694760820045558, 0.0, 0.0, 0.45558086560364464, 0.0, 0, 1]
38 [9.585492227979273, 8.549222797927461, 1.0362694300518136, 13.730569948186528, 16.321243523316063, 15.284974093264248, 1.2953367875647668, 1.0362694300518136, 0, 22.797927461139896, 3.6269430051813467, 0.0, 0.0, 1.0362694300518136, 0.0, 0, 0]
39 [4.45859872611465, 3.4576888080072794, 1.0009099181073704, 12.92083712465878, 13.64877161055505, 13.830755232029118, 1.2738853503184715, 3.0937215650591448, 0, 26.11464968152866, 8.098271155595995, 0.0, 0.09099181073703368, 0.09099181073703368, 0.0, 0, 0]
40 [2.0179372197309418, 1.1210762331838564, 0.8968609865470852, 14.798206278026907, 14.798206278026907, 15.246636771300448, 1.7937219730941705, 1.1210762331838564, 0, 10.31390134529148, 3.811659192825112, 0.4484304932735426, 0.0, 0.0, 0.0, 0, 1]
41 [1.6528925619834711, 0.8264462809917356, 0.8264462809917356, 14.87603305785124, 13.223140495867769, 15.702479338842975, 0.0, 0.0, 0, 19.00826446280992, 9.090909090909092, 0.0, 0.0, 0.0, 0.0, 0, 1]
42 [5.351170568561873, 4.3478260869565215, 1.0033444816053512, 13.712374581939798, 17.391304347826086, 14.381270903010032, 2.0066889632107023, 3.3444816053511706, 0, 12.37458193979933, 5.351170568561873, 0.33444816053511706, 0.0, 0.0, 0.0, 0, 1]
43 [6.293706293706294, 4.595404595404595, 1.6983016983016983, 11.988011988011989, 17.682317682317684, 12.687312687312687, 1.2987012987012987, 1.6983016983016983, 0, 12.387612387612387, 7.792207792207792, 0.0, 0.0, 0.0, 0.0, 0, 1]
44 [3.9170506912442393, 1.6129032258064515, 2.3041474654377883, 12.442396313364055, 13.82488479262673, 13.594470046082948, 1.6129032258064515, 2.3041474654377883, 0, 8.525345622119817, 4.838709677419355, 0.2304147465437788, 0.0, 0.0, 0.0, 0, 1]
45 [4.029850746268656, 3.2835820895522385, 0.7462686567164178, 11.492537313432836, 13.432835820895523, 12.388059701492537, 3.4328358208955225, 2.3880597014925375, 0, 40.14925373134328, 6.119402985074627, 3.582089552238806, 0.1492537313432836, 0.1492537313432836, 0.0, 0, 0]
46 [2.8169014084507045, 0.0, 2.8169014084507045, 12.676056338028168, 15.492957746478872, 12.676056338028168, 2.8169014084507045, 0.0, 0, 16.901408450704224, 2.8169014084507045, 1.4084507042253522, 0.0, 0.0, 0.0, 0, 1]
47 [9.166666666666666, 7.5, 1.6666666666666667, 12.166666666666668, 15.833333333333332, 13.0, 2.666666666666667, 1.6666666666666667, 0, 11.0, 5.666666666666666, 0.0, 0.0, 0.0, 0.0, 0, 1]
48 [14.30745814307458, 12.1765601217656, 2.13089802130898, 10.350076103500761, 18.11263318112633, 11.415525114155251, 2.5875190258751903, 2.73972602739726, 0, 17.04718417047184, 5.0228310502283104, 0.30441400304414, 0.0, 1.06544901065449, 0.15220700152207, 0, 0]
49 [1.674641148325359, 1.674641148325359, 0.0, 18.421052631578945, 13.157894736842104, 20.095693779904305, 1.1961722488038278, 2.3923444976076556, 0, 6.937799043062201, 7.4162679425837315, 0.0, 0.0, 0.0, 0.0, 0, 1]
50 [3.5439137134052388, 2.6194144838212634, 0.9244992295839755, 14.329738058551616, 14.48382126348228, 15.254237288135593, 2.9275808936825887, 5.546995377503852, 0, 8.166409861325114, 7.550077041602465, 0.6163328197226503, 0.0, 0.15408320493066258, 0.0, 0, 0]
51 [5.031446540880504, 3.459119496855346, 1.5723270440251573, 9.119496855345911, 14.465408805031446, 10.062893081761008, 2.8301886792452833, 1.257861635220126, 0, 15.09433962264151, 9.119496855345911, 0.0, 0.0, 0.0, 0.0, 0, 1]
52 [4.172767203513909, 3.074670571010249, 1.0980966325036603, 12.95754026354319, 14.421669106881405, 14.128843338213763, 1.0248901903367496, 1.5373352855051245, 0, 8.784773060029282, 3.8799414348462666, 0.5856515373352855, 0.0, 0.0, 0.0, 0, 1]
53 [4.291044776119403, 3.171641791044776, 1.1194029850746268, 15.298507462686567, 14.925373134328357, 16.417910447761194, 1.8656716417910446, 2.798507462686567, 0, 16.417910447761194, 5.597014925373134, 0.3731343283582089, 0.0, 0.0, 0.0, 0, 1]
54 [9.176470588235293, 5.411764705882352, 3.7647058823529407, 13.176470588235295, 19.294117647058822, 13.176470588235295, 1.1764705882352942, 3.058823529411765, 0, 12.470588235294118, 3.5294117647058822, 0.0, 0.0, 0.0, 0.0, 0, 0]
55 [5.278592375366569, 3.519061583577713, 1.7595307917888565, 15.102639296187684, 15.835777126099707, 15.542521994134898, 1.906158357771261, 2.1994134897360706, 0, 8.797653958944283, 6.3049853372434015, 0.43988269794721413, 0.0, 0.0, 0.0, 0, 1]
56 [2.936378466557912, 2.7732463295269167, 0.1631321370309951, 13.70309951060359, 17.29200652528548, 14.845024469820556, 1.468189233278956, 1.3050570962479608, 0, 25.44861337683524, 7.99347471451876, 0.1631321370309951, 0.0, 0.0, 0.0, 0, 0]
57 [4.910714285714286, 3.571428571428571, 1.3392857142857142, 13.392857142857142, 13.839285714285715, 14.732142857142858, 0.8928571428571428, 3.125, 0, 17.410714285714285, 6.696428571428571, 0.4464285714285714, 0.0, 0.0, 0.0, 0, 1]
58 [4.123711340206185, 1.2886597938144329, 2.8350515463917527, 12.628865979381443, 9.793814432989691, 14.175257731958762, 0.7731958762886598, 0.7731958762886598, 0, 6.701030927835052, 5.927835051546391, 0.25773195876288657, 0.0, 0.0, 0.0, 0, 1]
59 [3.361344537815126, 1.680672268907563, 1.680672268907563, 11.974789915966387, 15.126050420168067, 13.865546218487395, 1.050420168067227, 1.680672268907563, 0, 5.46218487394958, 2.100840336134454, 0.0, 0.0, 0.0, 0.0, 0, 1]
60 [3.904923599320883, 2.9711375212224107, 0.9337860780984719, 14.00679117147708, 13.752122241086587, 14.855687606112053, 1.1035653650254669, 1.0186757215619695, 0, 11.205432937181664, 5.178268251273345, 0.2546689303904924, 0.0, 0.0, 0.0, 0, 1]
61 [7.414540202214733, 5.729417428984112, 1.685122773230621, 14.347616754935002, 13.86615310544054, 15.888300433317285, 1.974000962927299, 2.4554646124217623, 0, 11.50698122291767, 6.066441983630236, 0.33702455464612424, 0.14443909484833894, 0.04814636494944632, 0.19258545979778527, 0, 0]
62 [11.10009910802775, 9.018830525272548, 2.0812685827552033, 11.892963330029731, 17.34390485629336, 12.983151635282459, 2.8741328047571852, 2.2794846382556986, 0, 22.2001982160555, 6.2438057482656095, 0.4955401387512388, 0.0, 0.29732408325074333, 0.0, 0, 0]
63 [10.895522388059701, 9.55223880597015, 1.3432835820895521, 10.746268656716417, 17.611940298507463, 11.343283582089553, 3.134328358208955, 2.6865671641791042, 0, 15.970149253731345, 5.074626865671641, 0.1492537313432836, 0.0, 0.0, 0.0, 0, 1]
64 [6.896551724137931, 5.254515599343185, 1.6420361247947455, 12.643678160919542, 16.58456486042693, 13.793103448275861, 1.9704433497536946, 1.9704433497536946, 0, 23.48111658456486, 7.55336617405583, 0.0, 0.16420361247947454, 0.16420361247947454, 0.8210180623973727, 0, 0]
65 [6.609195402298851, 4.741379310344827, 1.8678160919540232, 12.78735632183908, 16.23563218390805, 15.086206896551724, 1.0057471264367817, 0.7183908045977011, 0, 6.752873563218391, 5.890804597701149, 0.28735632183908044, 0.0, 0.0, 0.14367816091954022, 0, 0]
66 [3.7199124726477026, 2.62582056892779, 1.0940919037199124, 12.035010940919037, 15.317286652078774, 12.910284463894966, 1.75054704595186, 1.75054704595186, 0, 15.536105032822759, 4.814004376367615, 0.0, 0.0, 0.0, 0.0, 0, 1]
67 [3.4994697773064685, 2.2269353128313893, 1.2725344644750796, 11.134676564156946, 14.209968186638388, 12.61930010604454, 1.9088016967126193, 1.9088016967126193, 0, 25.874867444326615, 7.953340402969247, 0.3181336161187699, 0.10604453870625664, 0.4241781548250266, 0.0, 0, 0]
68 [5.604921394395078, 3.827751196172249, 1.77717019822283, 12.303485987696513, 14.695830485304171, 13.055365686944635, 1.367053998632946, 1.845522898154477, 0, 19.275461380724536, 7.040328092959672, 0.1367053998632946, 0.0, 0.0, 0.0, 0, 1]
69 [9.278350515463918, 8.24742268041237, 1.0309278350515463, 9.965635738831615, 17.18213058419244, 9.965635738831615, 3.0927835051546393, 2.0618556701030926, 0, 14.776632302405499, 7.216494845360824, 0.3436426116838488, 0.0, 0.0, 0.0, 0, 1]
70 [8.725761772853186, 6.786703601108034, 1.9390581717451523, 15.23545706371191, 17.174515235457065, 15.650969529085874, 0.8310249307479225, 1.5235457063711912, 0, 16.06648199445983, 4.1551246537396125, 0.13850415512465375, 0.0, 0.554016620498615, 0.0, 0, 1]
71 [3.2045240339302548, 2.0735155513666355, 1.1310084825636193, 15.645617342130066, 13.195098963242224, 16.96512723845429, 2.167766258246937, 2.4505183788878417, 0, 11.215834118755891, 6.032045240339302, 0.1885014137606032, 0.0942507068803016, 0.0, 0.0, 0, 0]
72 [6.60377358490566, 4.716981132075472, 1.8867924528301887, 12.264150943396226, 15.660377358490566, 14.528301886792452, 1.8867924528301887, 2.6415094339622645, 0, 13.773584905660377, 9.622641509433963, 0.0, 0.0, 0.0, 0.0, 0, 0]
73 [2.723146747352496, 1.5128593040847202, 1.2102874432677762, 13.918305597579424, 15.279878971255673, 15.73373676248109, 2.118003025718608, 1.361573373676248, 0, 14.37216338880484, 9.07715582450832, 0.30257186081694404, 0.0, 0.30257186081694404, 0.0, 0, 1]
74 [4.025617566331198, 2.470265324794145, 1.555352241537054, 13.083257090576394, 13.357731015553522, 14.63860933211345, 2.5617566331198534, 1.646843549862763, 0, 18.389752973467523, 5.672461116193961, 0.5489478499542544, 0.0, 0.0, 0.0, 0, 0]
75 [5.211267605633803, 3.8028169014084505, 1.4084507042253522, 13.239436619718308, 13.521126760563378, 13.521126760563378, 2.2535211267605635, 1.4084507042253522, 0, 24.929577464788732, 7.323943661971831, 0.0, 0.0, 0.0, 0.0, 0, 0]
76 [3.9215686274509802, 1.3071895424836601, 2.6143790849673203, 11.11111111111111, 16.99346405228758, 11.11111111111111, 1.3071895424836601, 2.6143790849673203, 0, 18.954248366013072, 5.228758169934641, 0.6535947712418301, 0.0, 0.0, 1.9607843137254901, 0, 1]
77 [2.4271844660194173, 1.4563106796116505, 0.9708737864077669, 15.048543689320388, 12.135922330097088, 16.50485436893204, 2.912621359223301, 1.4563106796116505, 0, 3.8834951456310676, 4.368932038834951, 0.0, 0.0, 0.0, 0.0, 0, 1]
78 [2.684563758389262, 0.6711409395973155, 2.013422818791946, 12.080536912751679, 11.185682326621924, 13.422818791946309, 1.342281879194631, 0.8948545861297539, 0, 11.856823266219239, 7.158836689038031, 0.0, 0.0, 0.0, 0.0, 0, 1]
79 [3.159041394335512, 1.7429193899782136, 1.4161220043572984, 13.725490196078432, 13.507625272331156, 14.596949891067537, 0.8714596949891068, 1.0893246187363834, 0, 17.75599128540305, 4.139433551198257, 0.10893246187363835, 0.0, 0.0, 0.0, 0, 1]
80 [4.016393442622951, 2.7868852459016393, 1.2295081967213115, 14.01639344262295, 14.918032786885247, 15.163934426229508, 2.2131147540983607, 1.557377049180328, 0, 10.491803278688524, 8.114754098360656, 0.0, 0.0, 0.0, 0.0, 0, 1]
81 [4.819277108433735, 4.819277108433735, 0.0, 10.843373493975903, 16.867469879518072, 10.843373493975903, 2.4096385542168677, 4.216867469879518, 0, 34.93975903614458, 6.626506024096386, 0.0, 0.0, 0.0, 0.0, 0, 0]
82 [3.6893203883495143, 2.1359223300970873, 1.5533980582524272, 13.980582524271846, 13.78640776699029, 14.36893203883495, 1.5533980582524272, 1.9417475728155338, 0, 18.25242718446602, 7.572815533980583, 0.5825242718446602, 0.0, 0.0, 0.0, 0, 1]
83 [3.8011695906432745, 1.7543859649122806, 2.046783625730994, 11.695906432748536, 14.035087719298245, 14.181286549707602, 1.1695906432748537, 2.4853801169590644, 0, 9.649122807017543, 5.555555555555555, 0.14619883040935672, 0.0, 0.29239766081871343, 0.0, 0, 0]
84 [3.2128514056224895, 1.8072289156626504, 1.4056224899598393, 14.257028112449799, 12.449799196787147, 16.265060240963855, 2.208835341365462, 1.8072289156626504, 0, 8.634538152610443, 6.2248995983935735, 0.2008032128514056, 0.2008032128514056, 0.0, 0.0, 0, 0]
85 [4.191616766467066, 2.3952095808383236, 1.7964071856287425, 13.17365269461078, 15.568862275449103, 14.37125748502994, 0.0, 1.7964071856287425, 0, 7.784431137724551, 5.9880239520958085, 0.0, 0.0, 0.0, 0.0, 0, 1]
86 [3.4013605442176873, 2.380952380952381, 1.0204081632653061, 13.60544217687075, 15.306122448979592, 15.136054421768709, 1.1904761904761905, 1.530612244897959, 0, 12.585034013605442, 7.142857142857142, 0.0, 0.0, 0.17006802721088435, 0.0, 0, 1]
87 [1.639344262295082, 1.639344262295082, 0.0, 15.573770491803279, 12.704918032786885, 18.0327868852459, 1.639344262295082, 5.327868852459016, 0, 11.065573770491802, 6.557377049180328, 0.4098360655737705, 0.4098360655737705, 0.0, 0.0, 0, 1]
88 [1.893939393939394, 1.5151515151515151, 0.3787878787878788, 19.318181818181817, 17.045454545454543, 20.075757575757574, 1.1363636363636365, 3.787878787878788, 0, 10.984848484848484, 5.303030303030303, 0.3787878787878788, 0.7575757575757576, 0.0, 0.0, 0, 1]
89 [7.048458149779736, 4.295154185022026, 2.753303964757709, 13.105726872246695, 13.656387665198238, 14.427312775330398, 1.762114537444934, 1.6519823788546255, 0, 12.77533039647577, 8.149779735682818, 0.4405286343612335, 0.0, 0.11013215859030838, 0.0, 0, 0]
90 [2.142857142857143, 0.7142857142857143, 1.4285714285714286, 14.285714285714285, 13.571428571428571, 15.0, 2.142857142857143, 1.4285714285714286, 0, 15.714285714285714, 6.428571428571428, 0.0, 0.0, 0.0, 0.0, 0, 1]
91 [1.7825311942959003, 1.4260249554367201, 0.35650623885918004, 14.616755793226382, 13.368983957219251, 16.22103386809269, 1.2477718360071302, 1.4260249554367201, 0, 18.538324420677363, 4.81283422459893, 0.17825311942959002, 0.53475935828877, 0.0, 0.0, 0, 1]
92 [12.091038406827881, 9.246088193456615, 2.844950213371266, 12.091038406827881, 18.207681365576104, 12.802275960170698, 3.556187766714083, 1.991465149359886, 0, 13.086770981507822, 5.263157894736842, 0.1422475106685633, 0.0, 1.2802275960170697, 0.0, 0, 0]
93 [6.696935300794552, 5.334846765039727, 1.362088535754824, 14.415437003405222, 16.685584562996596, 16.34506242905789, 1.5891032917139614, 2.4971623155505105, 0, 19.523269012485812, 4.0862656072644725, 0.11350737797956867, 0.0, 0.11350737797956867, 0.0, 0, 1]
94 [4.787714543812105, 3.1616982836495033, 1.6260162601626018, 13.730803974706413, 13.640469738030713, 14.995483288166215, 2.710027100271003, 1.6260162601626018, 0, 21.58988256549232, 6.684733514001806, 0.36133694670280037, 0.0, 0.0, 0.0, 0, 0]
95 [2.978056426332288, 1.7241379310344827, 1.2539184952978055, 13.479623824451412, 12.852664576802509, 14.733542319749215, 1.2539184952978055, 1.8808777429467085, 0, 12.068965517241379, 5.015673981191222, 0.0, 0.0, 0.0, 0.0, 0, 1]
96 [5.442176870748299, 4.8979591836734695, 0.5442176870748299, 14.557823129251702, 15.374149659863946, 15.782312925170066, 2.0408163265306123, 0.8163265306122449, 0, 12.244897959183673, 8.027210884353742, 0.27210884353741494, 0.0, 0.27210884353741494, 0.0, 0, 1]
97 [4.895104895104895, 3.096903096903097, 1.7982017982017984, 13.886113886113884, 13.986013986013987, 15.284715284715283, 1.098901098901099, 1.1988011988011988, 0, 10.38961038961039, 6.093906093906094, 0.1998001998001998, 0.0, 0.0, 0.0, 0, 0]
98 [8.282828282828284, 5.858585858585859, 2.4242424242424243, 15.353535353535353, 15.757575757575756, 16.363636363636363, 3.0303030303030303, 3.4343434343434343, 0, 10.909090909090908, 6.4646464646464645, 0.40404040404040403, 0.0, 0.20202020202020202, 0.0, 0, 0]
99 [2.0220588235294117, 0.7352941176470588, 1.2867647058823528, 13.786764705882353, 14.154411764705882, 14.522058823529413, 2.5735294117647056, 3.308823529411765, 0, 7.169117647058823, 4.411764705882353, 0.0, 0.3676470588235294, 0.0, 0.0, 0, 0]
100 [5.646817248459959, 4.209445585215605, 1.4373716632443532, 12.217659137577003, 16.632443531827516, 13.141683778234087, 2.6694045174537986, 2.0533880903490758, 0, 23.51129363449692, 6.981519507186857, 0.10266940451745381, 0.20533880903490762, 0.3080082135523614, 0.0, 0, 1]
101 [6.997084548104956, 4.178814382896015, 2.818270165208941, 12.536443148688047, 15.54907677356657, 14.285714285714285, 0.9718172983479106, 1.4577259475218658, 0, 5.247813411078718, 4.56754130223518, 0.3887269193391642, 0.0, 0.0, 0.09718172983479105, 0, 0]
102 [3.10077519379845, 1.550387596899225, 1.550387596899225, 10.077519379844961, 17.829457364341085, 10.077519379844961, 0.7751937984496124, 0.7751937984496124, 0, 11.627906976744185, 4.651162790697675, 0.0, 0.0, 0.0, 0.0, 0, 1]
103 [4.310344827586207, 2.9454022988505746, 1.3649425287356323, 13.433908045977011, 14.870689655172415, 15.014367816091953, 1.8678160919540232, 2.3706896551724137, 0, 18.39080459770115, 6.968390804597702, 0.07183908045977011, 0.0, 0.14367816091954022, 0.0, 0, 0]
104 [3.6585365853658534, 1.8292682926829267, 1.8292682926829267, 13.211382113821138, 15.040650406504067, 14.634146341463413, 1.4227642276422763, 1.2195121951219512, 0, 10.772357723577237, 5.487804878048781, 0.0, 0.0, 0.20325203252032523, 0.0, 0, 0]
105 [7.301587301587302, 4.1269841269841265, 3.1746031746031744, 11.428571428571429, 12.698412698412698, 13.015873015873018, 0.6349206349206349, 1.2698412698412698, 0, 9.206349206349207, 5.396825396825397, 0.6349206349206349, 0.0, 0.31746031746031744, 0.0, 0, 1]
106 [2.4390243902439024, 0.0, 2.4390243902439024, 9.75609756097561, 9.75609756097561, 9.75609756097561, 0.0, 0.0, 0, 7.317073170731707, 4.878048780487805, 0.0, 0.0, 0.0, 0.0, 0, 1]
107 [2.4707412223667102, 1.6905071521456438, 0.7802340702210664, 12.873862158647595, 15.604681404421328, 13.784135240572171, 1.1703511053315996, 1.0403120936280885, 0, 18.725617685305593, 7.672301690507152, 0.0, 0.0, 0.0, 0.0, 0, 1]
108 [3.5346097201767304, 2.3564064801178204, 1.1782032400589102, 13.991163475699558, 15.61119293078056, 14.874815905743741, 1.7673048600883652, 2.2091310751104567, 0, 17.820324005891017, 7.363770250368189, 0.14727540500736377, 0.0, 0.14727540500736377, 0.0, 0, 1]
109 [3.684210526315789, 2.368421052631579, 1.3157894736842104, 12.894736842105264, 15.263157894736842, 13.684210526315791, 1.5789473684210527, 1.5789473684210527, 0, 6.842105263157896, 2.368421052631579, 0.0, 0.0, 0.0, 0.0, 0, 1]
110 [4.27263479145473, 2.644964394710071, 1.627670396744659, 14.242115971515767, 16.378433367243133, 15.25940996948118, 0.6103763987792472, 1.2207527975584944, 0, 18.006103763987795, 4.27263479145473, 0.0, 0.10172939979654119, 0.0, 0.0, 0, 1]
111 [5.631067961165048, 4.077669902912621, 1.5533980582524272, 12.233009708737864, 16.40776699029126, 13.203883495145632, 1.5533980582524272, 1.5533980582524272, 0, 15.728155339805824, 7.572815533980583, 0.0970873786407767, 0.0, 0.48543689320388345, 0.0, 0, 1]
112 [3.9170506912442393, 2.880184331797235, 1.0368663594470047, 13.248847926267281, 14.055299539170507, 14.976958525345621, 1.8433179723502304, 1.6129032258064515, 0, 21.19815668202765, 5.76036866359447, 0.2304147465437788, 0.2304147465437788, 0.0, 0.0, 0, 1]
113 [7.066869300911854, 4.635258358662614, 2.43161094224924, 14.361702127659576, 14.665653495440731, 15.19756838905775, 1.8996960486322187, 2.2796352583586628, 0, 18.31306990881459, 8.662613981762918, 0.07598784194528875, 0.07598784194528875, 0.0, 0.0, 0, 0]
114 [3.7037037037037033, 2.2792022792022792, 1.4245014245014245, 9.401709401709402, 16.80911680911681, 10.826210826210826, 1.4245014245014245, 1.4245014245014245, 0, 9.401709401709402, 3.133903133903134, 0.0, 0.0, 0.0, 0.0, 0, 1]
115 [1.527614571092832, 1.0575793184488838, 0.4700352526439483, 14.101057579318448, 13.396004700352526, 15.981198589894241, 1.2925969447708578, 2.4676850763807283, 0, 9.9882491186839, 7.050528789659224, 0.4700352526439483, 0.0, 0.23501762632197415, 0.0, 0, 1]
116 [3.894080996884735, 2.336448598130841, 1.557632398753894, 14.018691588785046, 12.149532710280374, 16.510903426791277, 1.2461059190031152, 1.0903426791277258, 0, 10.59190031152648, 6.853582554517133, 0.0, 0.0, 0.0, 0.0, 0, 0]
117 [4.539722572509458, 2.900378310214376, 1.639344262295082, 15.510718789407314, 14.24968474148802, 17.402269861286253, 1.7654476670870116, 1.5132408575031526, 0, 24.59016393442623, 4.791929382093317, 0.0, 0.12610340479192939, 0.0, 0.0, 0, 1]
118 [0.0, 0.0, 0.0, 19.047619047619047, 13.095238095238097, 20.238095238095237, 2.380952380952381, 1.1904761904761905, 0, 7.142857142857142, 5.555555555555555, 0.7936507936507936, 0.0, 0.0, 0.0, 0, 0]
119 [3.787878787878788, 2.525252525252525, 1.2626262626262625, 13.636363636363635, 14.14141414141414, 14.646464646464647, 1.2626262626262625, 1.5151515151515151, 0, 15.909090909090908, 4.545454545454546, 0.25252525252525254, 0.0, 0.0, 0.0, 0, 1]
120 [11.610486891385769, 7.865168539325842, 3.7453183520599254, 13.857677902621724, 16.479400749063668, 14.232209737827715, 1.4981273408239701, 1.8726591760299627, 0, 7.116104868913857, 5.2434456928838955, 0.0, 0.0, 0.0, 0.0, 0, 1]
121 [4.136690647482014, 3.237410071942446, 0.8992805755395683, 15.287769784172662, 16.366906474820144, 16.366906474820144, 0.8992805755395683, 1.4388489208633095, 0, 13.309352517985612, 2.5179856115107913, 1.079136690647482, 0.0, 0.1798561151079137, 0.0, 0, 1]
122 [3.7142857142857144, 2.857142857142857, 0.8571428571428572, 14.000000000000002, 13.428571428571429, 15.285714285714286, 1.7142857142857144, 1.7142857142857144, 0, 11.142857142857142, 7.571428571428572, 0.2857142857142857, 0.0, 0.0, 0.0, 0, 1]
123 [1.9553072625698324, 1.675977653631285, 0.27932960893854747, 13.966480446927374, 13.40782122905028, 14.52513966480447, 3.6312849162011176, 2.2346368715083798, 0, 10.335195530726256, 9.217877094972067, 0.0, 0.0, 0.0, 0.0, 0, 1]
124 [3.3012379642365883, 2.4759284731774414, 0.8253094910591471, 15.130674002751032, 13.892709766162312, 16.643741403026134, 2.4759284731774414, 2.200825309491059, 0, 16.91884456671252, 6.189821182943604, 0.2751031636863824, 0.0, 0.0, 0.0, 0, 1]
125 [6.5625, 5.3125, 1.25, 13.4375, 16.25, 14.6875, 1.5625, 1.5625, 0, 11.875, 9.6875, 0.0, 0.0, 0.0, 0.0, 0, 1]
126 [7.7994428969359335, 5.2924791086350975, 2.5069637883008355, 13.649025069637883, 15.041782729805014, 15.87743732590529, 1.6713091922005572, 1.9498607242339834, 0, 23.119777158774372, 5.8495821727019495, 0.0, 0.0, 0.0, 0.0, 0, 1]
127 [5.630026809651475, 4.021447721179625, 1.6085790884718498, 12.868632707774799, 13.672922252010725, 14.209115281501342, 1.3404825737265416, 2.4128686327077746, 0, 37.533512064343164, 4.557640750670242, 1.876675603217158, 0.0, 0.2680965147453083, 0.0, 0, 1]
128 [7.441860465116279, 6.744186046511628, 0.6976744186046512, 11.395348837209303, 17.674418604651162, 12.325581395348838, 3.953488372093023, 3.7209302325581395, 0, 24.186046511627907, 8.13953488372093, 0.23255813953488372, 0.0, 0.0, 0.0, 0, 0]
129 [4.934210526315789, 2.4671052631578947, 2.4671052631578947, 15.460526315789474, 13.815789473684212, 16.611842105263158, 1.151315789473684, 0.9868421052631579, 0, 9.539473684210527, 3.289473684210526, 0.0, 0.0, 0.0, 0.0, 0, 1]
130 [3.103448275862069, 1.3793103448275863, 1.7241379310344827, 15.517241379310345, 18.275862068965516, 17.24137931034483, 2.0689655172413794, 0.6896551724137931, 0, 12.068965517241379, 7.241379310344828, 1.0344827586206897, 0.0, 0.0, 0.0, 0, 1]
131 [4.767441860465117, 3.604651162790698, 1.1627906976744187, 12.325581395348838, 16.511627906976745, 13.023255813953488, 1.5116279069767442, 1.2790697674418605, 0, 10.232558139534884, 4.302325581395349, 0.46511627906976744, 0.0, 0.11627906976744186, 0.0, 0, 0]
132 [2.2530329289428077, 1.559792027729636, 0.6932409012131715, 13.778162911611785, 12.65164644714038, 15.077989601386482, 0.9532062391681109, 1.2998266897746966, 0, 13.171577123050259, 7.279029462738301, 0.25996533795493937, 0.0, 0.0, 0.0, 0, 1]
133 [5.234021137393055, 4.479114242576749, 0.754906894816306, 13.03472571716155, 14.59486663311525, 13.839959738298942, 1.7614494212380472, 1.7111222949169602, 0, 3.7745344740815296, 3.4725717161550076, 0.45294413688978363, 0.0, 0.0, 0.0, 0, 1]
134 [5.683355886332882, 4.871447902571042, 0.8119079837618403, 11.772665764546684, 15.696887686062247, 13.531799729364005, 1.6238159675236805, 2.571041948579161, 0, 17.456021650879567, 7.577807848443843, 0.40595399188092013, 0.2706359945872801, 0.2706359945872801, 0.0, 0, 0]
135 [7.5535512965050735, 5.749718151071026, 1.8038331454340473, 12.063134160090192, 16.1217587373168, 13.416009019165728, 2.818489289740699, 1.9165727170236753, 0, 25.02818489289741, 8.117249154453212, 0.0, 0.0, 0.2254791431792559, 0.0, 0, 0]
136 [3.8567493112947657, 1.3774104683195594, 2.479338842975207, 14.325068870523417, 12.672176308539946, 16.2534435261708, 2.7548209366391188, 2.7548209366391188, 0, 9.641873278236915, 8.81542699724518, 0.0, 0.8264462809917356, 0.0, 0.0, 0, 0]
137 [6.690140845070422, 4.577464788732395, 2.112676056338028, 8.80281690140845, 16.19718309859155, 10.211267605633804, 0.7042253521126761, 0.0, 0, 5.28169014084507, 8.098591549295776, 0.0, 0.0, 0.0, 0.0, 0, 1]
138 [1.9444444444444444, 1.6666666666666667, 0.2777777777777778, 11.944444444444445, 13.88888888888889, 12.777777777777777, 2.7777777777777777, 1.1111111111111112, 0, 11.944444444444445, 7.222222222222221, 0.8333333333333334, 0.5555555555555556, 0.8333333333333334, 0.0, 0, 1]
139 [3.8128249566724435, 2.5996533795493932, 1.2131715771230502, 14.558058925476603, 14.384748700173311, 14.731369150779896, 3.119584055459272, 2.079722703639515, 0, 13.344887348353554, 3.2928942807625647, 0.0, 0.0, 0.0, 0.0, 0, 1]
140 [6.016597510373444, 4.356846473029045, 1.6597510373443984, 13.692946058091287, 15.145228215767634, 15.352697095435685, 1.2448132780082988, 2.904564315352697, 0, 16.390041493775932, 6.224066390041494, 0.0, 0.0, 0.0, 0.0, 0, 0]
141 [9.874826147426981, 7.649513212795549, 2.2253129346314324, 12.656467315716272, 15.855354659248958, 13.908205841446453, 1.1126564673157162, 1.9471488178025034, 0, 5.1460361613351875, 5.563282336578582, 0.13908205841446453, 0.0, 0.0, 0.0, 0, 0]
142 [11.223914269599549, 8.29103214890017, 2.9328821206993796, 14.213197969543149, 16.07445008460237, 15.961646926113932, 1.9176536943034406, 2.199661590524535, 0, 20.248166948674562, 8.573040045121264, 0.2820078962210942, 0.0, 0.1128031584884377, 0.0, 0, 0]
143 [7.5799937868903395, 5.187946567256912, 2.392047219633427, 13.358185771978876, 16.216216216216218, 14.880397639018328, 1.5532774153463809, 1.6775396085740912, 0, 25.06989748369059, 6.710158434296365, 0.24852438645542094, 0.0, 0.09319664492078285, 0.0, 0, 0]
144 [4.387291981845689, 3.6308623298033282, 0.7564296520423601, 14.977307110438728, 12.556732223903177, 15.73373676248109, 1.8154311649016641, 1.6641452344931922, 0, 4.387291981845689, 4.992435703479576, 0.45385779122541603, 0.0, 0.0, 0.0, 0, 1]
145 [5.263157894736842, 3.4139402560455197, 1.849217638691323, 12.660028449502134, 14.366998577524893, 13.513513513513514, 0.7112375533428165, 1.5647226173541962, 0, 21.052631578947366, 5.263157894736842, 0.0, 0.0, 0.0, 0.0, 0, 1]
146 [8.962264150943396, 7.311320754716981, 1.650943396226415, 12.971698113207546, 14.150943396226415, 14.38679245283019, 2.8301886792452833, 4.245283018867925, 0, 4.245283018867925, 6.132075471698113, 0.0, 0.0, 0.7075471698113208, 0.0, 0, 0]
147 [3.115264797507788, 1.2461059190031152, 1.8691588785046727, 12.92834890965732, 13.862928348909657, 14.485981308411214, 1.8691588785046727, 1.8691588785046727, 0, 19.003115264797508, 8.09968847352025, 0.778816199376947, 0.0, 0.0, 0.0, 0, 1]
148 [9.240246406570842, 4.9281314168377826, 4.312114989733059, 12.93634496919918, 17.04312114989733, 14.168377823408623, 1.4373716632443532, 2.0533880903490758, 0, 5.95482546201232, 7.802874743326489, 0.0, 0.0, 0.20533880903490762, 0.0, 0, 1]
149 [3.8926174496644297, 2.1476510067114094, 1.74496644295302, 15.302013422818792, 13.557046979865772, 16.644295302013422, 2.013422818791946, 3.087248322147651, 0, 11.140939597315436, 7.114093959731544, 0.0, 0.0, 0.0, 0.0, 0, 1]
150 [7.188295165394402, 4.580152671755725, 2.608142493638677, 12.913486005089059, 15.139949109414758, 13.676844783715012, 2.4173027989821882, 1.7811704834605597, 0, 15.585241730279897, 8.778625954198473, 0.19083969465648853, 0.0, 0.06361323155216285, 0.0, 0, 0]
151 [5.997624703087886, 4.453681710213777, 1.5439429928741093, 13.717339667458434, 14.726840855106888, 15.676959619952493, 2.375296912114014, 3.5629453681710213, 0, 9.798099762470308, 6.175771971496437, 0.35629453681710216, 0.17814726840855108, 0.6532066508313539, 0.05938242280285036, 0, 0]
152 [2.0618556701030926, 1.5463917525773196, 0.5154639175257731, 12.886597938144329, 13.917525773195877, 14.948453608247423, 1.0309278350515463, 0.0, 0, 11.34020618556701, 4.639175257731959, 0.0, 0.0, 0.0, 0.0, 0, 1]
153 [3.125, 2.083333333333333, 1.0416666666666665, 7.291666666666667, 18.75, 8.333333333333332, 1.0416666666666665, 1.0416666666666665, 0, 6.25, 1.0416666666666665, 0.0, 0.0, 0.0, 0.0, 0, 1]
154 [6.437768240343347, 4.291845493562231, 2.1459227467811157, 11.587982832618025, 15.450643776824036, 12.446351931330472, 1.2875536480686696, 0.8583690987124464, 0, 14.163090128755366, 7.296137339055794, 0.0, 0.0, 0.0, 0.0, 0, 1]
155 [2.3771790808240887, 2.218700475435816, 0.15847860538827258, 14.34231378763867, 13.549920760697306, 16.00633914421553, 2.456418383518225, 2.13946117274168, 0, 14.976228209191758, 7.6069730586370845, 0.15847860538827258, 0.0, 0.6339144215530903, 0.0, 0, 1]
156 [2.3529411764705883, 0.7058823529411765, 1.647058823529412, 17.058823529411764, 12.470588235294118, 17.764705882352942, 1.411764705882353, 3.058823529411765, 0, 9.647058823529411, 4.235294117647059, 0.1176470588235294, 0.0, 0.0, 0.0, 0, 1]
157 [5.964912280701754, 4.2105263157894735, 1.7543859649122806, 12.456140350877194, 15.789473684210526, 13.684210526315791, 0.8771929824561403, 1.9298245614035088, 0, 21.929824561403507, 7.894736842105263, 0.17543859649122806, 0.0, 0.0, 0.0, 0, 1]
158 [4.675716440422323, 2.865761689291101, 1.809954751131222, 13.725490196078432, 13.122171945701359, 14.781297134238311, 1.3574660633484164, 2.262443438914027, 0, 22.021116138763198, 4.97737556561086, 0.1508295625942685, 0.0, 0.0, 0.0, 0, 1]
159 [3.8802660753880267, 2.6607538802660753, 1.2195121951219512, 15.521064301552107, 13.858093126385809, 16.851441241685144, 1.3303769401330376, 2.549889135254989, 0, 11.529933481152993, 6.541019955654102, 0.0, 0.3325942350332594, 0.0, 0.0, 0, 1]
160 [3.0023094688221708, 1.9630484988452657, 1.0392609699769053, 13.163972286374134, 12.933025404157044, 14.318706697459586, 1.5011547344110854, 2.3094688221709005, 0, 15.588914549653579, 5.080831408775981, 0.8083140877598153, 0.0, 0.0, 0.0, 0, 1]
161 [3.6269430051813467, 2.461139896373057, 1.16580310880829, 15.284974093264248, 14.896373056994818, 16.83937823834197, 2.5906735751295336, 4.533678756476684, 0, 6.865284974093264, 8.549222797927461, 0.0, 0.0, 0.0, 0.0, 0, 0]
162 [5.0, 3.75, 1.25, 15.312500000000002, 14.374999999999998, 16.5625, 3.125, 1.25, 0, 18.125, 5.9375, 0.3125, 0.0, 0.0, 0.0, 0, 1]
163 [6.95807314897413, 4.1034790365744875, 2.8545941123996434, 11.061552185548617, 16.41391614629795, 12.132024977698483, 2.31935771632471, 1.873327386262266, 0, 19.714540588760034, 8.117752007136485, 0.08920606601248886, 0.0, 0.17841213202497772, 0.0, 0, 0]
164 [14.308943089430896, 12.601626016260163, 1.707317073170732, 11.138211382113822, 17.804878048780488, 12.113821138211382, 2.2764227642276422, 2.113821138211382, 0, 26.747967479674795, 6.341463414634147, 0.6504065040650406, 0.16260162601626016, 0.7317073170731708, 0.24390243902439024, 0, 0]
165 [2.921840759678598, 2.118334550766983, 0.8035062089116143, 15.047479912344777, 12.636961285609935, 15.70489408327246, 2.0452885317750185, 2.410518626734843, 0, 14.682249817384951, 7.596785975164353, 0.2191380569758948, 0.07304601899196494, 0.0, 0.07304601899196494, 0, 1]
166 [2.4489795918367347, 0.8163265306122449, 1.6326530612244898, 15.10204081632653, 15.918367346938775, 16.73469387755102, 0.8163265306122449, 2.0408163265306123, 0, 6.530612244897959, 9.387755102040817, 0.0, 0.0, 0.0, 0.0, 0, 0]
167 [1.7391304347826086, 1.7391304347826086, 0.0, 13.043478260869565, 15.65217391304348, 13.478260869565217, 0.0, 1.7391304347826086, 0, 10.0, 3.4782608695652173, 0.0, 0.0, 0.0, 0.0, 0, 1]
168 [4.474885844748858, 3.287671232876712, 1.187214611872146, 15.342465753424658, 14.977168949771688, 16.80365296803653, 1.2785388127853883, 1.2785388127853883, 0, 6.210045662100456, 8.493150684931507, 0.182648401826484, 0.091324200913242, 0.0, 0.0, 0, 1]
169 [3.3773861967694567, 2.3494860499265786, 1.0279001468428781, 14.831130690161526, 16.593245227606463, 15.712187958883995, 2.2026431718061676, 1.1747430249632893, 0, 13.656387665198238, 5.726872246696035, 0.14684287812041116, 0.0, 0.0, 0.0, 0, 1]
170 [4.49438202247191, 3.620474406991261, 0.8739076154806492, 12.359550561797752, 15.480649188514356, 13.982521847690387, 1.373283395755306, 1.6229712858926344, 0, 12.109862671660425, 5.368289637952559, 0.0, 0.0, 0.0, 0.0, 0, 0]
171 [4.921968787515006, 3.601440576230492, 1.3205282112845138, 12.965186074429772, 14.525810324129651, 15.24609843937575, 1.9207683073229291, 2.7611044417767108, 0, 15.366146458583433, 8.28331332533013, 0.9603841536614646, 0.0, 0.12004801920768307, 0.0, 0, 0]
172 [2.925531914893617, 1.3297872340425532, 1.5957446808510638, 16.22340425531915, 10.106382978723403, 18.085106382978726, 1.8617021276595744, 1.8617021276595744, 0, 10.106382978723403, 5.053191489361701, 0.0, 0.0, 0.0, 0.0, 0, 0]
173 [9.045848822800496, 7.125154894671623, 1.9206939281288724, 10.594795539033457, 16.60470879801735, 13.258983890954152, 2.292441140024783, 3.3457249070631967, 0, 13.816604708798016, 6.443618339529119, 0.5576208178438662, 0.12391573729863693, 0.18587360594795538, 0.0, 0, 1]
174 [3.711340206185567, 2.9896907216494846, 0.7216494845360825, 11.237113402061857, 15.876288659793813, 12.061855670103093, 1.3402061855670102, 2.268041237113402, 0, 16.49484536082474, 6.391752577319587, 0.30927835051546393, 0.0, 0.10309278350515465, 0.0, 0, 0]
175 [2.783300198807157, 2.1868787276341948, 0.5964214711729622, 11.928429423459244, 13.12127236580517, 12.72365805168986, 0.7952286282306162, 1.7892644135188867, 0, 14.7117296222664, 5.168986083499006, 0.0, 0.0, 0.0, 0.0, 0, 1]
176 [5.445544554455446, 2.9702970297029703, 2.4752475247524752, 14.85148514851485, 14.85148514851485, 15.346534653465346, 0.9900990099009901, 0.9900990099009901, 0, 17.82178217821782, 6.435643564356436, 0.9900990099009901, 0.0, 0.0, 0.9900990099009901, 0, 0]
177 [3.571428571428571, 2.5162337662337664, 1.0551948051948052, 14.44805194805195, 13.7987012987013, 16.3961038961039, 1.461038961038961, 2.5162337662337664, 0, 18.425324675324674, 7.386363636363637, 0.3246753246753247, 0.0, 0.0, 0.0, 0, 0]
178 [3.4635224760501107, 2.3581429624170966, 1.105379513633014, 15.991156963890935, 12.011790714812086, 17.61238025055269, 1.915991156963891, 1.5475313190862197, 0, 6.632277081798084, 8.032424465733234, 0.36845983787767134, 0.0, 0.14738393515106854, 0.0, 0, 1]
179 [1.9498607242339834, 0.8356545961002786, 1.1142061281337048, 18.384401114206128, 12.256267409470752, 20.334261838440113, 2.2284122562674096, 1.1142061281337048, 0, 12.534818941504177, 6.685236768802229, 1.1142061281337048, 0.0, 0.0, 0.0, 0, 1]
180 [4.50281425891182, 2.6266416510318953, 1.876172607879925, 14.446529080675422, 17.26078799249531, 15.75984990619137, 1.125703564727955, 1.3133208255159476, 0, 16.69793621013133, 9.568480300187618, 0.5628517823639775, 0.0, 0.0, 0.0, 0, 1]
181 [5.4101221640488655, 3.664921465968586, 1.7452006980802792, 11.518324607329843, 14.834205933682373, 13.263525305410123, 1.3961605584642234, 2.7923211169284468, 0, 16.05584642233857, 6.282722513089005, 0.0, 0.5235602094240838, 0.0, 0.0, 0, 0]
182 [8.672086720867208, 7.317073170731707, 1.3550135501355014, 11.788617886178862, 15.040650406504067, 13.685636856368562, 2.8455284552845526, 2.303523035230352, 0, 15.040650406504067, 7.994579945799458, 0.13550135501355012, 0.0, 0.13550135501355012, 0.27100271002710025, 0, 1]
183 [5.660377358490567, 4.952830188679245, 0.7075471698113208, 13.915094339622641, 16.27358490566038, 14.38679245283019, 1.4150943396226416, 1.179245283018868, 0, 32.075471698113205, 7.547169811320755, 0.0, 0.0, 0.2358490566037736, 0.0, 0, 1]
184 [4.046242774566474, 3.4682080924855487, 0.5780346820809248, 9.53757225433526, 16.473988439306357, 11.271676300578035, 0.8670520231213872, 1.7341040462427744, 0, 24.277456647398843, 7.803468208092486, 0.0, 0.0, 0.0, 0.0, 0, 1]
185 [7.780979827089338, 6.9164265129683, 0.8645533141210375, 10.662824207492795, 20.7492795389049, 11.239193083573488, 4.610951008645533, 2.881844380403458, 0, 6.9164265129683, 6.340057636887608, 0.2881844380403458, 0.0, 0.0, 0.0, 0, 0]
186 [9.183673469387756, 7.142857142857142, 2.0408163265306123, 13.26530612244898, 17.857142857142858, 14.030612244897958, 3.316326530612245, 3.826530612244898, 0, 4.591836734693878, 5.86734693877551, 0.7653061224489796, 0.0, 0.7653061224489796, 0.0, 0, 0]
187 [4.547251878212732, 2.491103202846975, 2.056148675365757, 13.87900355871886, 13.009094503756424, 16.132858837485173, 1.502570185844207, 2.135231316725979, 0, 16.52827204428628, 5.773032819296164, 0.19770660340055357, 0.0, 0.0, 0.0, 0, 1]
188 [7.000000000000001, 3.6666666666666665, 3.3333333333333335, 12.5, 11.333333333333332, 13.666666666666666, 2.166666666666667, 1.8333333333333333, 0, 7.166666666666667, 2.666666666666667, 0.5, 0.0, 0.0, 0.0, 0, 0]
189 [0.0, 0.0, 0.0, 16.071428571428573, 10.119047619047619, 17.261904761904763, 1.1904761904761905, 0.5952380952380952, 0, 17.261904761904763, 6.547619047619048, 0.5952380952380952, 0.0, 0.0, 0.0, 0, 0]
190 [1.694915254237288, 1.2711864406779663, 0.423728813559322, 12.711864406779661, 13.559322033898304, 14.83050847457627, 0.423728813559322, 1.2711864406779663, 0, 11.864406779661017, 3.8135593220338984, 0.0, 0.0, 0.0, 0.0, 0, 1]
191 [5.766526019690577, 4.781997187060478, 0.9845288326300985, 12.658227848101266, 14.908579465541491, 13.642756680731363, 0.5625879043600562, 0.7032348804500703, 0, 11.954992967651195, 6.188466947960619, 0.2812939521800281, 0.0, 0.0, 0.0, 0, 1]
192 [3.519061583577713, 1.7595307917888565, 1.7595307917888565, 12.121212121212121, 13.78299120234604, 12.903225806451612, 0.8797653958944283, 1.1730205278592376, 0, 14.271749755620725, 5.083088954056696, 0.0, 0.0, 0.0, 0.0, 0, 0]
193 [5.7534246575342465, 4.52054794520548, 1.2328767123287672, 11.36986301369863, 15.890410958904111, 12.602739726027398, 1.7808219178082192, 2.054794520547945, 0, 12.465753424657535, 6.8493150684931505, 0.0, 0.0, 0.273972602739726, 0.136986301369863, 0, 1]
194 [3.864734299516908, 3.6231884057971016, 0.24154589371980675, 15.458937198067632, 13.768115942028986, 17.391304347826086, 1.932367149758454, 3.3816425120772946, 0, 10.869565217391305, 7.729468599033816, 0.24154589371980675, 0.0, 0.24154589371980675, 0.0, 0, 0]
195 [3.389830508474576, 2.5423728813559325, 0.847457627118644, 12.288135593220339, 14.40677966101695, 13.135593220338984, 2.5423728813559325, 0.847457627118644, 0, 8.898305084745763, 3.8135593220338984, 0.0, 0.0, 0.0, 0.0, 0, 1]
196 [6.811145510835913, 3.7151702786377707, 3.0959752321981426, 14.241486068111456, 15.170278637770899, 14.860681114551083, 1.5479876160990713, 3.4055727554179565, 0, 8.978328173374612, 6.811145510835913, 0.0, 0.0, 0.0, 0.0, 0, 1]
197 [6.493506493506493, 2.922077922077922, 3.571428571428571, 12.987012987012985, 11.688311688311687, 14.61038961038961, 1.6233766233766231, 1.6233766233766231, 0, 16.233766233766232, 6.493506493506493, 0.0, 0.0, 0.0, 0.0, 0, 1]
198 [2.0080321285140563, 1.2048192771084338, 0.8032128514056224, 12.851405622489958, 13.654618473895583, 14.859437751004014, 3.2128514056224895, 3.614457831325301, 0, 6.024096385542169, 6.024096385542169, 0.0, 0.0, 0.0, 0.0, 0, 1]
199 [6.294964028776978, 3.9568345323741005, 2.338129496402878, 10.251798561151078, 15.287769784172662, 11.870503597122301, 2.697841726618705, 2.338129496402878, 0, 5.575539568345324, 5.0359712230215825, 0.0, 0.1798561151079137, 0.3597122302158274, 0.0, 0, 1]
200 [3.015075376884422, 3.015075376884422, 0.0, 12.562814070351758, 15.07537688442211, 13.5678391959799, 3.015075376884422, 1.0050251256281406, 0, 7.537688442211055, 3.015075376884422, 0.0, 0.0, 0.0, 0.0, 0, 1]
201 [9.34959349593496, 5.691056910569105, 3.6585365853658534, 14.634146341463413, 16.260162601626014, 16.260162601626014, 2.0325203252032518, 0.8130081300813009, 0, 6.504065040650407, 4.471544715447155, 0.0, 0.0, 0.0, 0.0, 0, 1]
202 [7.588075880758807, 4.607046070460704, 2.9810298102981028, 14.092140921409213, 12.195121951219512, 14.363143631436316, 2.4390243902439024, 1.084010840108401, 0, 18.69918699186992, 6.233062330623306, 0.27100271002710025, 0.0, 0.0, 0.0, 0, 1]
203 [6.741573033707865, 3.3707865168539324, 3.3707865168539324, 11.797752808988763, 14.606741573033707, 12.359550561797752, 2.247191011235955, 2.247191011235955, 0, 15.730337078651685, 4.49438202247191, 0.0, 0.0, 0.0, 0.0, 0, 0]
204 [5.154639175257731, 3.7800687285223367, 1.3745704467353952, 14.0893470790378, 15.120274914089347, 14.776632302405499, 3.7800687285223367, 2.0618556701030926, 0, 18.900343642611684, 8.934707903780069, 0.0, 0.0, 0.6872852233676976, 0.0, 0, 1]
205 [5.357142857142857, 1.7857142857142856, 3.571428571428571, 14.285714285714285, 14.285714285714285, 15.178571428571427, 1.3392857142857142, 0.4464285714285714, 0, 13.392857142857142, 5.357142857142857, 0.0, 0.0, 0.0, 0.0, 0, 1]
206 [8.843537414965986, 6.802721088435375, 2.0408163265306123, 13.60544217687075, 16.3265306122449, 14.965986394557824, 0.6802721088435374, 1.3605442176870748, 0, 23.12925170068027, 7.482993197278912, 0.0, 0.0, 0.0, 0.0, 0, 0]
207 [2.515723270440252, 1.8867924528301887, 0.628930817610063, 10.062893081761008, 17.61006289308176, 10.69182389937107, 5.031446540880504, 3.7735849056603774, 0, 15.723270440251572, 5.660377358490567, 0.0, 1.257861635220126, 0.0, 0.0, 0, 1]
208 [2.941176470588235, 2.6143790849673203, 0.32679738562091504, 13.398692810457517, 14.705882352941178, 14.37908496732026, 3.2679738562091507, 3.9215686274509802, 0, 7.516339869281046, 7.18954248366013, 0.32679738562091504, 0.0, 0.6535947712418301, 0.0, 0, 0]
209 [10.194174757281553, 8.737864077669903, 1.4563106796116505, 14.077669902912621, 16.50485436893204, 15.53398058252427, 3.3980582524271843, 2.4271844660194173, 0, 18.932038834951456, 7.281553398058252, 0.0, 0.0, 0.48543689320388345, 0.0, 0, 1]
210 [6.140350877192982, 3.070175438596491, 3.070175438596491, 17.105263157894736, 14.035087719298245, 18.859649122807017, 0.43859649122807015, 1.7543859649122806, 0, 15.789473684210526, 5.701754385964912, 0.43859649122807015, 0.0, 0.0, 0.0, 0, 1]
211 [4.0, 1.5, 2.5, 13.0, 13.0, 14.000000000000002, 2.0, 1.5, 0, 7.000000000000001, 8.5, 0.0, 0.0, 0.0, 0.0, 0, 1]
212 [3.508771929824561, 1.1695906432748537, 2.3391812865497075, 14.035087719298245, 16.95906432748538, 15.204678362573098, 0.5847953216374269, 0.5847953216374269, 0, 25.146198830409354, 7.017543859649122, 0.0, 1.1695906432748537, 0.5847953216374269, 0.0, 0, 0]
213 [9.550561797752808, 3.932584269662921, 5.617977528089887, 14.04494382022472, 12.359550561797752, 15.730337078651685, 2.247191011235955, 0.0, 0, 15.168539325842698, 5.056179775280898, 0.0, 0.0, 0.0, 0.0, 0, 1]
214 [9.004739336492891, 5.213270142180095, 3.7914691943127963, 9.47867298578199, 17.535545023696685, 11.374407582938389, 5.687203791469194, 2.843601895734597, 0, 3.3175355450236967, 8.530805687203792, 2.843601895734597, 0.0, 0.0, 4.739336492890995, 0, 1]
215 [4.201680672268908, 1.680672268907563, 2.5210084033613445, 14.285714285714285, 13.445378151260504, 14.285714285714285, 1.680672268907563, 1.680672268907563, 0, 8.403361344537815, 5.88235294117647, 0.0, 0.0, 0.0, 0.0, 0, 1]
216 [2.9702970297029703, 1.9801980198019802, 0.9900990099009901, 14.85148514851485, 9.900990099009901, 14.85148514851485, 2.9702970297029703, 1.9801980198019802, 0, 4.9504950495049505, 1.9801980198019802, 0.0, 0.0, 0.0, 0.0, 0, 1]
217 [3.1413612565445024, 2.6178010471204187, 0.5235602094240838, 11.518324607329843, 13.612565445026178, 11.518324607329843, 2.094240837696335, 2.094240837696335, 0, 16.75392670157068, 7.329842931937172, 0.0, 0.0, 0.0, 0.0, 0, 1]
218 [6.103286384976526, 5.633802816901409, 0.4694835680751174, 12.676056338028168, 15.492957746478872, 14.084507042253522, 1.4084507042253522, 3.286384976525822, 0, 16.431924882629108, 3.755868544600939, 0.0, 0.0, 0.4694835680751174, 0.0, 0, 1]
219 [4.62962962962963, 1.8518518518518516, 2.7777777777777777, 9.25925925925926, 12.037037037037036, 10.185185185185185, 3.7037037037037033, 0.0, 0, 14.814814814814813, 2.7777777777777777, 0.0, 0.9259259259259258, 0.0, 0.0, 0, 1]
220 [5.9259259259259265, 4.444444444444445, 1.4814814814814816, 10.37037037037037, 17.77777777777778, 10.37037037037037, 0.7407407407407408, 0.7407407407407408, 0, 20.74074074074074, 7.4074074074074066, 0.0, 0.0, 0.0, 0.0, 0, 0]
221 [6.11353711790393, 4.8034934497816595, 1.3100436681222707, 9.170305676855897, 15.72052401746725, 10.043668122270741, 2.1834061135371177, 1.7467248908296942, 0, 17.46724890829694, 3.9301310043668125, 0.0, 0.0, 0.43668122270742354, 0.0, 0, 0]
222 [6.9364161849710975, 6.358381502890173, 0.5780346820809248, 10.982658959537572, 16.184971098265898, 12.716763005780345, 2.8901734104046244, 3.4682080924855487, 0, 9.248554913294797, 7.514450867052023, 0.0, 0.0, 0.0, 0.0, 0, 1]
223 [12.323943661971832, 9.15492957746479, 3.169014084507042, 14.43661971830986, 14.788732394366196, 15.492957746478872, 1.7605633802816902, 1.7605633802816902, 0, 10.56338028169014, 3.873239436619718, 1.4084507042253522, 0.0, 0.0, 0.0, 0, 1]
224 [7.100591715976331, 3.5502958579881656, 3.5502958579881656, 10.059171597633137, 13.017751479289942, 10.650887573964498, 3.5502958579881656, 0.591715976331361, 0, 9.467455621301776, 4.733727810650888, 0.0, 0.0, 0.591715976331361, 0.0, 0, 0]
225 [8.875739644970414, 4.142011834319527, 4.733727810650888, 11.242603550295858, 13.609467455621301, 11.834319526627219, 1.183431952662722, 1.7751479289940828, 0, 18.34319526627219, 4.733727810650888, 0.0, 0.0, 0.0, 0.0, 0, 1]
226 [6.435643564356436, 4.9504950495049505, 1.4851485148514851, 12.871287128712872, 16.831683168316832, 14.356435643564355, 0.9900990099009901, 2.9702970297029703, 0, 6.9306930693069315, 5.445544554455446, 0.0, 0.0, 0.0, 0.0, 0, 1]
227 [6.578947368421052, 4.605263157894736, 1.9736842105263157, 11.842105263157894, 18.421052631578945, 11.842105263157894, 3.289473684210526, 3.289473684210526, 0, 19.736842105263158, 3.289473684210526, 0.0, 0.6578947368421052, 0.0, 0.0, 0, 1]
228 [10.612244897959183, 6.938775510204081, 3.6734693877551026, 12.244897959183673, 16.3265306122449, 13.46938775510204, 2.0408163265306123, 2.0408163265306123, 0, 23.26530612244898, 6.122448979591836, 0.0, 0.0, 0.0, 0.0, 0, 1]
229 [1.8072289156626504, 1.2048192771084338, 0.6024096385542169, 16.265060240963855, 14.457831325301203, 18.072289156626507, 1.8072289156626504, 0.0, 0, 4.216867469879518, 3.0120481927710845, 0.0, 0.0, 0.0, 0.0, 0, 1]
230 [11.884057971014492, 7.246376811594203, 4.63768115942029, 11.884057971014492, 16.52173913043478, 13.043478260869565, 2.318840579710145, 2.0289855072463765, 0, 21.44927536231884, 7.246376811594203, 0.0, 0.0, 0.0, 1.1594202898550725, 0, 1]
231 [10.638297872340425, 8.51063829787234, 2.127659574468085, 12.76595744680851, 19.858156028368796, 13.47517730496454, 2.127659574468085, 2.8368794326241136, 0, 14.184397163120568, 6.382978723404255, 0.0, 0.0, 1.4184397163120568, 0.0, 0, 0]
232 [4.424778761061947, 0.8849557522123894, 3.5398230088495577, 14.15929203539823, 11.504424778761061, 14.15929203539823, 4.424778761061947, 0.0, 0, 10.619469026548673, 5.3097345132743365, 0.8849557522123894, 0.8849557522123894, 0.0, 0.0, 0, 1]
233 [4.2042042042042045, 2.5525525525525525, 1.6516516516516515, 10.06006006006006, 12.462462462462462, 11.26126126126126, 1.951951951951952, 1.951951951951952, 0, 13.963963963963963, 7.807807807807808, 0.15015015015015015, 0.15015015015015015, 0.0, 0.0, 0, 0]
234 [8.244274809160306, 5.9541984732824424, 2.2900763358778624, 13.740458015267176, 14.80916030534351, 14.961832061068703, 2.7480916030534353, 2.2900763358778624, 0, 16.335877862595417, 7.786259541984733, 0.0, 0.0, 0.15267175572519084, 0.0, 0, 0]
235 [9.004739336492891, 6.161137440758294, 2.843601895734597, 10.42654028436019, 14.218009478672986, 10.90047393364929, 0.9478672985781991, 0.47393364928909953, 0, 7.109004739336493, 4.739336492890995, 0.47393364928909953, 0.0, 0.0, 0.0, 0, 1]
236 [6.6115702479338845, 6.6115702479338845, 0.0, 11.570247933884298, 15.702479338842975, 13.223140495867769, 1.6528925619834711, 1.6528925619834711, 0, 12.396694214876034, 7.43801652892562, 0.0, 0.0, 0.0, 0.0, 0, 1]
237 [4.326923076923077, 2.8846153846153846, 1.4423076923076923, 12.980769230769232, 14.903846153846153, 14.903846153846153, 2.403846153846154, 1.9230769230769231, 0, 17.307692307692307, 3.8461538461538463, 0.0, 0.0, 0.0, 0.0, 0, 0]
238 [8.73015873015873, 5.555555555555555, 3.1746031746031744, 10.317460317460316, 17.46031746031746, 13.492063492063492, 3.1746031746031744, 0.0, 0, 17.46031746031746, 7.142857142857142, 0.7936507936507936, 0.0, 0.0, 0.0, 0, 0]
239 [8.21917808219178, 5.47945205479452, 2.73972602739726, 15.981735159817351, 13.698630136986301, 16.43835616438356, 0.91324200913242, 0.0, 0, 20.54794520547945, 9.1324200913242, 0.45662100456621, 0.45662100456621, 0.45662100456621, 0.0, 0, 1]
240 [3.7735849056603774, 1.257861635220126, 2.515723270440252, 11.949685534591195, 15.723270440251572, 13.20754716981132, 1.257861635220126, 1.257861635220126, 0, 6.289308176100629, 3.7735849056603774, 0.0, 0.0, 0.0, 0.0, 0, 1]
241 [2.5974025974025974, 1.2987012987012987, 1.2987012987012987, 14.71861471861472, 12.987012987012985, 15.151515151515152, 1.2987012987012987, 1.2987012987012987, 0, 8.225108225108226, 3.896103896103896, 0.0, 0.0, 0.0, 0.0, 0, 1]
242 [7.361963190184049, 5.828220858895705, 1.5337423312883436, 7.361963190184049, 18.098159509202453, 7.975460122699387, 3.374233128834356, 0.6134969325153374, 0, 25.766871165644172, 8.282208588957054, 0.0, 0.0, 0.3067484662576687, 0.6134969325153374, 0, 0]
243 [11.794871794871794, 8.376068376068375, 3.418803418803419, 14.188034188034187, 17.094017094017094, 15.897435897435896, 3.2478632478632483, 3.9316239316239314, 0, 5.299145299145299, 9.05982905982906, 0.0, 0.0, 0.6837606837606838, 0.3418803418803419, 0, 1]
244 [14.435695538057743, 12.073490813648293, 2.3622047244094486, 9.186351706036746, 20.209973753280842, 9.711286089238845, 2.6246719160104988, 1.574803149606299, 0, 22.83464566929134, 13.385826771653544, 0.26246719160104987, 0.0, 0.0, 0.0, 0, 1]
245 [7.64525993883792, 6.727828746177369, 0.9174311926605505, 10.091743119266056, 14.984709480122325, 10.091743119266056, 3.9755351681957185, 2.1406727828746175, 0, 15.902140672782874, 10.703363914373089, 0.0, 0.0, 0.3058103975535168, 0.0, 0, 1]
246 [4.1269841269841265, 2.857142857142857, 1.2698412698412698, 15.238095238095239, 14.285714285714285, 16.507936507936506, 2.857142857142857, 1.9047619047619049, 0, 21.58730158730159, 8.88888888888889, 0.0, 0.0, 0.6349206349206349, 0.0, 0, 1]
247 [8.450704225352112, 5.633802816901409, 2.8169014084507045, 11.267605633802818, 17.6056338028169, 11.971830985915492, 2.112676056338028, 4.225352112676056, 0, 19.718309859154928, 6.338028169014084, 0.0, 0.0, 0.0, 0.0, 0, 0]
248 [1.1363636363636365, 1.1363636363636365, 0.0, 11.363636363636363, 14.772727272727273, 14.772727272727273, 1.1363636363636365, 4.545454545454546, 0, 12.5, 6.8181818181818175, 0.0, 0.0, 0.0, 0.0, 0, 1]
249 [2.7777777777777777, 0.5555555555555556, 2.2222222222222223, 12.777777777777777, 13.88888888888889, 14.444444444444443, 1.1111111111111112, 2.7777777777777777, 0, 7.222222222222221, 6.111111111111111, 0.0, 0.0, 0.0, 0.0, 0, 1]
250 [9.47867298578199, 5.687203791469194, 3.7914691943127963, 14.218009478672986, 16.587677725118482, 15.165876777251185, 1.8957345971563981, 1.8957345971563981, 0, 16.113744075829384, 6.6350710900473935, 0.0, 0.0, 0.0, 0.0, 0, 0]
251 [9.62566844919786, 6.417112299465241, 3.2085561497326207, 11.76470588235294, 14.43850267379679, 12.299465240641712, 1.6042780748663104, 0.53475935828877, 0, 10.695187165775401, 5.347593582887701, 0.0, 0.0, 0.0, 0.0, 0, 0]
252 [5.970149253731343, 4.477611940298507, 1.4925373134328357, 14.925373134328357, 16.417910447761194, 14.925373134328357, 4.975124378109453, 2.9850746268656714, 0, 8.45771144278607, 5.472636815920398, 0.0, 0.0, 0.4975124378109453, 0.0, 0, 1]
253 [1.3888888888888888, 0.6944444444444444, 0.6944444444444444, 16.666666666666664, 13.194444444444445, 17.36111111111111, 0.6944444444444444, 2.7777777777777777, 0, 13.194444444444445, 7.638888888888889, 0.0, 0.0, 0.0, 0.0, 0, 1]
254 [11.267605633802818, 7.746478873239436, 3.5211267605633805, 14.788732394366196, 17.6056338028169, 14.788732394366196, 0.7042253521126761, 1.4084507042253522, 0, 18.30985915492958, 2.8169014084507045, 1.4084507042253522, 0.0, 0.7042253521126761, 0.0, 0, 1]
255 [9.44055944055944, 5.594405594405594, 3.8461538461538463, 9.090909090909092, 15.034965034965033, 10.48951048951049, 1.048951048951049, 1.7482517482517483, 0, 19.58041958041958, 9.44055944055944, 0.0, 0.0, 0.34965034965034963, 0.0, 0, 1]
256 [8.27814569536424, 6.622516556291391, 1.6556291390728477, 11.258278145695364, 16.55629139072848, 11.920529801324504, 2.6490066225165565, 1.6556291390728477, 0, 23.509933774834437, 9.933774834437086, 0.0, 0.0, 0.6622516556291391, 0.0, 0, 1]
257 [5.389221556886228, 4.191616766467066, 1.1976047904191618, 10.778443113772456, 13.77245508982036, 11.377245508982035, 3.592814371257485, 1.7964071856287425, 0, 5.389221556886228, 3.592814371257485, 0.0, 0.0, 0.5988023952095809, 0.0, 0, 0]
258 [6.666666666666667, 3.111111111111111, 3.5555555555555554, 12.0, 16.88888888888889, 12.88888888888889, 1.3333333333333335, 1.3333333333333335, 0, 18.666666666666668, 5.777777777777778, 0.0, 0.0, 0.8888888888888888, 1.3333333333333335, 0, 1]
259 [3.829787234042553, 2.9787234042553195, 0.851063829787234, 14.042553191489363, 14.468085106382977, 14.468085106382977, 4.25531914893617, 2.9787234042553195, 0, 14.468085106382977, 8.085106382978724, 0.0, 0.0, 0.0, 0.0, 0, 1]
260 [4.49438202247191, 2.247191011235955, 2.247191011235955, 9.550561797752808, 13.48314606741573, 10.112359550561797, 2.247191011235955, 6.741573033707865, 0, 20.224719101123593, 11.797752808988763, 0.0, 0.5617977528089888, 0.0, 1.6853932584269662, 0, 1]
261 [3.723404255319149, 2.127659574468085, 1.5957446808510638, 14.893617021276595, 14.893617021276595, 15.425531914893616, 1.5957446808510638, 2.6595744680851063, 0, 28.723404255319153, 7.446808510638298, 0.0, 0.0, 0.0, 0.0, 0, 1]
262 [5.373831775700935, 4.906542056074766, 0.46728971962616817, 14.018691588785046, 15.887850467289718, 14.485981308411214, 3.2710280373831773, 2.570093457943925, 0, 26.869158878504674, 11.448598130841122, 0.0, 0.0, 0.0, 0.0, 0, 0]
263 [12.637362637362637, 10.989010989010989, 1.6483516483516485, 13.736263736263737, 15.384615384615385, 15.384615384615385, 5.4945054945054945, 2.7472527472527473, 0, 9.340659340659341, 5.4945054945054945, 0.0, 0.0, 0.0, 0.0, 0, 1]
264 [6.374501992031872, 3.5856573705179287, 2.788844621513944, 12.350597609561753, 16.733067729083665, 12.749003984063744, 2.3904382470119523, 1.1952191235059761, 0, 15.53784860557769, 3.5856573705179287, 0.0, 0.0, 0.0, 0.0, 0, 1]
265 [5.136986301369863, 2.3972602739726026, 2.73972602739726, 13.013698630136986, 14.726027397260275, 13.356164383561644, 2.73972602739726, 2.3972602739726026, 0, 9.246575342465754, 7.534246575342466, 0.0, 0.0, 0.0, 0.0, 0, 1]
266 [4.166666666666666, 4.166666666666666, 0.0, 11.574074074074074, 14.814814814814813, 12.962962962962962, 3.2407407407407405, 3.7037037037037033, 0, 22.22222222222222, 6.481481481481481, 0.0, 0.0, 0.0, 0.0, 0, 1]
267 [8.433734939759036, 8.433734939759036, 0.0, 9.63855421686747, 15.060240963855422, 10.843373493975903, 3.614457831325301, 2.4096385542168677, 0, 28.313253012048197, 9.036144578313253, 0.6024096385542169, 0.0, 0.0, 0.0, 0, 0]
268 [6.149732620320856, 3.4759358288770055, 2.6737967914438503, 16.0427807486631, 16.0427807486631, 17.379679144385026, 1.8716577540106951, 2.13903743315508, 0, 3.4759358288770055, 4.545454545454546, 0.0, 0.0, 0.267379679144385, 1.3368983957219251, 0, 0]
269 [8.88888888888889, 7.4074074074074066, 1.4814814814814816, 10.37037037037037, 17.037037037037038, 10.37037037037037, 2.9629629629629632, 2.2222222222222223, 0, 24.444444444444443, 6.666666666666667, 0.0, 0.0, 3.7037037037037033, 0.0, 0, 1]
270 [8.843537414965986, 6.802721088435375, 2.0408163265306123, 10.204081632653061, 18.027210884353742, 11.904761904761903, 2.0408163265306123, 1.7006802721088436, 0, 7.482993197278912, 3.061224489795918, 0.0, 0.0, 1.3605442176870748, 0.0, 0, 0]
271 [3.7735849056603774, 2.358490566037736, 1.4150943396226416, 14.622641509433961, 16.50943396226415, 14.622641509433961, 0.9433962264150944, 4.716981132075472, 0, 7.0754716981132075, 6.132075471698113, 0.4716981132075472, 0.0, 0.0, 0.0, 0, 1]
272 [1.3605442176870748, 0.6802721088435374, 0.6802721088435374, 11.564625850340136, 10.884353741496598, 11.564625850340136, 0.6802721088435374, 0.6802721088435374, 0, 20.408163265306122, 6.122448979591836, 0.0, 0.0, 0.0, 0.0, 0, 0]
273 [4.910714285714286, 4.910714285714286, 0.0, 11.607142857142858, 19.196428571428573, 12.053571428571429, 0.4464285714285714, 1.7857142857142856, 0, 31.25, 6.25, 0.0, 0.0, 0.0, 0.8928571428571428, 0, 0]
274 [3.827751196172249, 2.3923444976076556, 1.4354066985645932, 13.397129186602871, 13.875598086124402, 13.397129186602871, 0.4784688995215311, 3.349282296650718, 0, 8.133971291866029, 7.177033492822966, 0.0, 0.0, 0.0, 0.0, 0, 1]
275 [4.819277108433735, 4.216867469879518, 0.6024096385542169, 13.855421686746988, 14.759036144578314, 14.457831325301203, 2.4096385542168677, 1.2048192771084338, 0, 12.048192771084338, 5.120481927710843, 0.6024096385542169, 0.0, 0.30120481927710846, 0.0, 0, 1]
276 [7.734806629834254, 6.077348066298343, 1.6574585635359116, 13.259668508287293, 19.88950276243094, 14.917127071823206, 1.1049723756906076, 4.41988950276243, 0, 9.392265193370166, 4.41988950276243, 0.0, 0.0, 0.0, 0.0, 0, 1]
277 [2.1621621621621623, 2.1621621621621623, 0.0, 10.27027027027027, 12.972972972972974, 10.81081081081081, 0.5405405405405406, 2.1621621621621623, 0, 19.45945945945946, 3.2432432432432434, 0.5405405405405406, 0.0, 0.0, 0.0, 0, 1]
278 [4.4534412955465585, 4.048582995951417, 0.4048582995951417, 16.599190283400812, 14.979757085020243, 17.408906882591094, 2.42914979757085, 2.42914979757085, 0, 19.838056680161944, 6.882591093117409, 0.0, 0.0, 0.4048582995951417, 0.0, 0, 1]
279 [9.174311926605505, 6.422018348623854, 2.7522935779816518, 9.174311926605505, 18.34862385321101, 9.174311926605505, 1.834862385321101, 3.669724770642202, 0, 25.688073394495415, 1.834862385321101, 0.9174311926605505, 0.0, 0.0, 0.0, 0, 0]
280 [5.58659217877095, 5.027932960893855, 0.5586592178770949, 12.290502793296088, 16.75977653631285, 12.849162011173185, 0.0, 1.675977653631285, 0, 8.379888268156424, 5.58659217877095, 0.0, 0.0, 0.0, 0.0, 0, 1]
281 [1.9083969465648856, 1.1450381679389312, 0.7633587786259541, 13.740458015267176, 12.595419847328243, 15.267175572519085, 3.0534351145038165, 3.816793893129771, 0, 10.305343511450381, 6.870229007633588, 1.1450381679389312, 0.0, 0.7633587786259541, 0.7633587786259541, 0, 1]
282 [2.840909090909091, 1.7045454545454544, 1.1363636363636365, 14.204545454545455, 15.909090909090908, 14.772727272727273, 1.7045454545454544, 3.4090909090909087, 0, 10.795454545454545, 3.977272727272727, 0.0, 0.0, 0.5681818181818182, 0.0, 0, 0]
283 [9.523809523809524, 8.465608465608465, 1.0582010582010581, 11.11111111111111, 23.28042328042328, 12.16931216931217, 1.0582010582010581, 1.5873015873015872, 0, 14.285714285714285, 3.7037037037037033, 0.0, 0.0, 0.5291005291005291, 0.5291005291005291, 0, 0]
284 [9.090909090909092, 6.8181818181818175, 2.272727272727273, 13.352272727272727, 16.477272727272727, 13.920454545454545, 1.9886363636363635, 2.556818181818182, 0, 10.227272727272728, 6.25, 1.4204545454545454, 0.0, 0.5681818181818182, 0.0, 0, 0]
285 [5.531914893617021, 2.127659574468085, 3.404255319148936, 14.893617021276595, 11.48936170212766, 16.170212765957448, 3.404255319148936, 2.127659574468085, 0, 22.127659574468083, 5.957446808510639, 0.0, 0.0, 0.0, 0.0, 0, 0]
286 [4.72972972972973, 2.027027027027027, 2.7027027027027026, 14.18918918918919, 14.864864864864865, 14.864864864864865, 0.6756756756756757, 1.3513513513513513, 0, 19.594594594594593, 6.756756756756757, 0.0, 0.0, 0.0, 0.0, 0, 1]
287 [4.040404040404041, 4.040404040404041, 0.0, 10.1010101010101, 16.161616161616163, 13.131313131313133, 1.0101010101010102, 3.0303030303030303, 0, 6.0606060606060606, 2.0202020202020203, 0.0, 0.0, 0.0, 0.0, 0, 1]
288 [7.8817733990147785, 2.955665024630542, 4.926108374384237, 15.270935960591133, 14.77832512315271, 15.270935960591133, 2.4630541871921183, 2.4630541871921183, 0, 10.344827586206897, 4.926108374384237, 0.49261083743842365, 0.0, 0.0, 0.0, 0, 1]
289 [5.699481865284974, 4.145077720207254, 1.5544041450777202, 11.917098445595855, 15.544041450777202, 15.025906735751295, 3.6269430051813467, 3.6269430051813467, 0, 19.689119170984455, 6.217616580310881, 1.0362694300518136, 1.5544041450777202, 0.0, 0.0, 0, 0]
290 [3.592814371257485, 2.095808383233533, 1.4970059880239521, 10.479041916167663, 14.67065868263473, 10.778443113772456, 2.095808383233533, 2.3952095808383236, 0, 24.251497005988025, 6.88622754491018, 0.0, 0.0, 0.29940119760479045, 0.8982035928143712, 0, 1]
291 [4.545454545454546, 1.5151515151515151, 3.0303030303030303, 12.121212121212121, 15.656565656565657, 13.131313131313133, 0.0, 2.525252525252525, 0, 8.080808080808081, 2.525252525252525, 0.0, 0.5050505050505051, 0.0, 0.0, 0, 1]
292 [3.488372093023256, 2.3255813953488373, 1.1627906976744187, 10.465116279069768, 16.27906976744186, 11.627906976744185, 1.744186046511628, 2.9069767441860463, 0, 11.046511627906977, 5.813953488372093, 0.0, 0.0, 0.0, 0.0, 0, 0]
293 [7.317073170731707, 1.951219512195122, 5.365853658536586, 14.146341463414632, 16.585365853658537, 15.609756097560975, 2.9268292682926833, 1.951219512195122, 0, 9.268292682926829, 5.853658536585367, 0.0, 0.0, 0.0, 0.0, 0, 1]
294 [6.666666666666667, 3.3333333333333335, 3.3333333333333335, 14.222222222222221, 16.444444444444446, 15.11111111111111, 3.111111111111111, 3.111111111111111, 0, 19.555555555555557, 9.777777777777779, 0.0, 0.0, 0.0, 0.0, 0, 1]
295 [4.605263157894736, 1.3157894736842104, 3.289473684210526, 11.842105263157894, 11.842105263157894, 13.157894736842104, 2.631578947368421, 1.9736842105263157, 0, 9.210526315789473, 3.9473684210526314, 0.0, 0.0, 1.3157894736842104, 0.0, 0, 0]
296 [4.216867469879518, 1.8072289156626504, 2.4096385542168677, 13.253012048192772, 13.253012048192772, 13.253012048192772, 3.0120481927710845, 0.6024096385542169, 0, 12.048192771084338, 4.216867469879518, 0.0, 0.0, 0.0, 0.0, 0, 1]
297 [5.182926829268292, 2.7439024390243905, 2.4390243902439024, 12.195121951219512, 15.24390243902439, 13.109756097560975, 1.524390243902439, 4.878048780487805, 0, 13.414634146341465, 5.7926829268292686, 0.3048780487804878, 0.0, 0.0, 0.6097560975609756, 0, 0]
298 [4.055944055944056, 1.9580419580419581, 2.097902097902098, 15.104895104895105, 14.965034965034965, 16.223776223776223, 2.097902097902098, 2.6573426573426575, 0, 10.20979020979021, 6.993006993006993, 0.0, 0.0, 0.0, 0.0, 0, 0]
299 [5.660377358490567, 3.9532794249775383, 1.7070979335130279, 13.11769991015274, 15.00449236298293, 14.195867026055705, 1.3477088948787064, 1.7070979335130279, 0, 3.8634321653189576, 5.840071877807727, 0.2695417789757413, 0.08984725965858043, 0.3593890386343217, 0.0, 0, 0]
300 [6.714285714285714, 5.428571428571429, 1.2857142857142856, 17.142857142857142, 15.857142857142856, 17.857142857142858, 3.0, 3.0, 0, 13.571428571428571, 6.571428571428571, 0.0, 0.0, 0.2857142857142857, 0.0, 0, 0]
301 [8.227848101265822, 6.962025316455696, 1.2658227848101267, 9.49367088607595, 18.9873417721519, 10.759493670886076, 0.6329113924050633, 2.5316455696202533, 0, 6.962025316455696, 0.6329113924050633, 0.0, 0.0, 0.0, 0.0, 0, 1]
302 [6.193353474320242, 4.833836858006042, 1.3595166163141994, 12.83987915407855, 14.501510574018129, 13.746223564954683, 2.2658610271903323, 1.5105740181268883, 0, 9.818731117824774, 6.042296072507553, 0.0, 0.0, 1.2084592145015105, 0.0, 0, 1]
303 [8.108108108108109, 6.756756756756757, 1.3513513513513513, 11.486486486486488, 19.594594594594593, 13.513513513513514, 0.6756756756756757, 2.7027027027027026, 0, 4.054054054054054, 4.054054054054054, 0.0, 0.0, 0.0, 0.0, 0, 1]
304 [4.504504504504505, 4.504504504504505, 0.0, 12.912912912912914, 14.114114114114114, 13.513513513513514, 2.4024024024024024, 3.6036036036036037, 0, 14.414414414414415, 9.00900900900901, 0.0, 0.0, 0.0, 0.0, 0, 1]
305 [9.333333333333334, 5.777777777777778, 3.5555555555555554, 12.88888888888889, 18.666666666666668, 13.777777777777779, 2.2222222222222223, 4.0, 0, 22.666666666666664, 8.0, 0.8888888888888888, 0.0, 0.0, 0.4444444444444444, 0, 0]
306 [5.94900849858357, 4.815864022662889, 1.13314447592068, 13.314447592067987, 15.864022662889518, 15.01416430594901, 2.8328611898017, 1.41643059490085, 0, 3.9660056657223794, 4.53257790368272, 0.0, 0.0, 0.0, 0.0, 0, 0]
307 [4.804804804804805, 3.003003003003003, 1.8018018018018018, 10.51051051051051, 14.414414414414415, 12.912912912912914, 2.7027027027027026, 4.504504504504505, 0, 17.117117117117118, 6.006006006006006, 0.0, 0.0, 0.0, 1.2012012012012012, 0, 1]
308 [3.260869565217391, 2.1739130434782608, 1.0869565217391304, 12.5, 14.673913043478262, 14.673913043478262, 1.6304347826086956, 5.434782608695652, 0, 8.695652173913043, 8.695652173913043, 0.0, 0.0, 0.0, 0.0, 0, 1]
309 [8.02919708029197, 5.839416058394161, 2.18978102189781, 13.503649635036496, 14.963503649635038, 13.86861313868613, 2.5547445255474455, 1.824817518248175, 0, 21.532846715328464, 5.291970802919708, 0.0, 0.0, 0.0, 0.18248175182481752, 0, 1]
310 [10.60070671378092, 9.89399293286219, 0.7067137809187279, 11.307420494699647, 16.607773851590103, 11.66077738515901, 3.180212014134275, 2.1201413427561837, 0, 7.773851590106007, 4.593639575971731, 0.0, 0.0, 1.0600706713780919, 0.0, 0, 1]
311 [6.451612903225806, 2.7649769585253456, 3.686635944700461, 13.82488479262673, 13.36405529953917, 16.589861751152075, 2.3041474654377883, 1.3824884792626728, 0, 6.451612903225806, 3.686635944700461, 0.0, 0.0, 0.0, 0.0, 0, 1]
312 [8.02919708029197, 7.2992700729927, 0.7299270072992701, 16.78832116788321, 13.86861313868613, 17.51824817518248, 1.4598540145985401, 0.7299270072992701, 0, 6.569343065693431, 9.48905109489051, 0.7299270072992701, 0.0, 0.0, 0.0, 0, 1]
313 [4.132231404958678, 0.8264462809917356, 3.3057851239669422, 8.264462809917356, 14.049586776859504, 9.090909090909092, 0.0, 0.8264462809917356, 0, 4.958677685950414, 3.3057851239669422, 0.0, 0.0, 0.0, 0.0, 0, 1]
314 [7.751937984496124, 4.651162790697675, 3.10077519379845, 13.178294573643413, 17.05426356589147, 13.953488372093023, 1.550387596899225, 2.3255813953488373, 0, 17.05426356589147, 5.426356589147287, 0.0, 0.0, 0.7751937984496124, 0.0, 0, 1]
315 [5.056179775280898, 4.49438202247191, 0.5617977528089888, 12.359550561797752, 11.797752808988763, 13.48314606741573, 5.056179775280898, 1.1235955056179776, 0, 18.53932584269663, 12.359550561797752, 0.5617977528089888, 0.0, 0.0, 0.0, 0, 1]
316 [4.761904761904762, 3.1746031746031744, 1.5873015873015872, 13.756613756613756, 17.989417989417987, 16.402116402116402, 0.5291005291005291, 0.5291005291005291, 0, 12.16931216931217, 6.349206349206349, 0.0, 0.0, 0.5291005291005291, 0.0, 0, 0]
317 [3.1413612565445024, 1.5706806282722512, 1.5706806282722512, 13.612565445026178, 17.277486910994764, 14.136125654450263, 0.5235602094240838, 2.094240837696335, 0, 23.56020942408377, 8.37696335078534, 0.0, 0.5235602094240838, 0.0, 0.0, 0, 1]
318 [4.854368932038835, 2.4271844660194173, 2.4271844660194173, 14.077669902912621, 15.53398058252427, 15.53398058252427, 1.4563106796116505, 0.48543689320388345, 0, 14.077669902912621, 4.854368932038835, 0.0, 0.0, 0.0, 0.0, 0, 0]
319 [4.545454545454546, 2.272727272727273, 2.272727272727273, 12.5, 18.181818181818183, 12.5, 1.1363636363636365, 0.0, 0, 4.545454545454546, 1.1363636363636365, 0.0, 0.0, 0.0, 0.0, 0, 1]
320 [12.790697674418606, 8.13953488372093, 4.651162790697675, 13.372093023255813, 18.023255813953487, 13.953488372093023, 0.5813953488372093, 2.3255813953488373, 0, 4.651162790697675, 4.651162790697675, 1.1627906976744187, 1.1627906976744187, 0.0, 0.0, 0, 0]
321 [5.223880597014925, 1.8656716417910446, 3.3582089552238807, 14.55223880597015, 13.059701492537313, 15.298507462686567, 1.1194029850746268, 4.104477611940299, 0, 17.91044776119403, 6.343283582089552, 0.0, 0.0, 0.0, 0.0, 0, 0]
322 [8.532423208191126, 5.460750853242321, 3.0716723549488054, 12.627986348122866, 17.4061433447099, 13.993174061433447, 1.023890784982935, 1.3651877133105803, 0, 13.310580204778159, 2.04778156996587, 0.0, 0.0, 0.0, 1.023890784982935, 0, 1]
323 [3.153153153153153, 0.45045045045045046, 2.7027027027027026, 14.864864864864865, 12.612612612612612, 15.765765765765765, 1.8018018018018018, 1.3513513513513513, 0, 19.36936936936937, 4.954954954954955, 0.0, 0.0, 0.0, 0.0, 0, 1]
324 [6.134969325153374, 4.294478527607362, 1.8404907975460123, 12.883435582822086, 16.87116564417178, 14.11042944785276, 2.147239263803681, 2.7607361963190185, 0, 15.644171779141105, 3.374233128834356, 0.0, 0.0, 0.0, 0.9202453987730062, 0, 0]
325 [4.775280898876404, 3.51123595505618, 1.2640449438202246, 13.904494382022472, 13.623595505617978, 15.168539325842698, 1.544943820224719, 2.8089887640449436, 0, 10.393258426966293, 7.303370786516854, 0.1404494382022472, 0.1404494382022472, 0.1404494382022472, 0.0, 0, 1]
326 [9.047619047619047, 4.761904761904762, 4.285714285714286, 13.333333333333334, 14.285714285714285, 14.285714285714285, 2.857142857142857, 2.857142857142857, 0, 14.285714285714285, 3.3333333333333335, 0.4761904761904762, 0.0, 0.0, 0.0, 0, 0]
327 [5.844155844155844, 1.2987012987012987, 4.545454545454546, 17.532467532467532, 14.285714285714285, 18.83116883116883, 1.2987012987012987, 2.5974025974025974, 0, 23.376623376623375, 3.896103896103896, 0.0, 0.0, 0.0, 0.0, 0, 1]
328 [9.747292418772563, 6.859205776173286, 2.888086642599278, 14.801444043321299, 15.523465703971121, 15.884476534296029, 3.2490974729241873, 2.527075812274368, 0, 5.415162454873646, 3.6101083032490973, 2.166064981949458, 0.0, 0.0, 2.527075812274368, 0, 1]
329 [11.578947368421053, 7.017543859649122, 4.56140350877193, 12.631578947368421, 15.789473684210526, 14.035087719298245, 1.0526315789473684, 2.1052631578947367, 0, 2.807017543859649, 4.2105263157894735, 0.0, 0.0, 1.0526315789473684, 1.4035087719298245, 0, 0]
330 [5.9071729957805905, 2.109704641350211, 3.79746835443038, 13.080168776371309, 14.767932489451477, 13.502109704641349, 2.109704641350211, 2.9535864978902953, 0, 20.675105485232066, 3.79746835443038, 0.42194092827004215, 0.0, 0.0, 0.42194092827004215, 0, 0]
331 [11.217948717948719, 8.012820512820513, 3.205128205128205, 9.935897435897436, 18.91025641025641, 9.935897435897436, 4.807692307692308, 2.564102564102564, 0, 17.307692307692307, 5.769230769230769, 0.0, 0.0, 0.3205128205128205, 0.641025641025641, 0, 0]
332 [5.325443786982249, 1.183431952662722, 4.142011834319527, 14.201183431952662, 8.875739644970414, 17.159763313609467, 0.591715976331361, 2.366863905325444, 0, 12.42603550295858, 5.9171597633136095, 0.0, 0.0, 0.0, 0.0, 0, 1]
333 [8.403361344537815, 6.302521008403361, 2.100840336134454, 15.546218487394958, 13.445378151260504, 17.647058823529413, 1.2605042016806722, 2.5210084033613445, 0, 13.025210084033615, 7.563025210084033, 0.0, 0.0, 0.0, 0.0, 0, 1]
334 [5.031446540880504, 3.7735849056603774, 1.257861635220126, 13.836477987421384, 12.578616352201259, 16.9811320754717, 1.8867924528301887, 1.257861635220126, 0, 28.30188679245283, 7.547169811320755, 0.0, 0.0, 0.0, 0.628930817610063, 0, 1]
335 [12.574850299401197, 7.18562874251497, 5.389221556886228, 16.766467065868262, 15.568862275449103, 17.365269461077844, 4.191616766467066, 2.3952095808383236, 0, 8.982035928143713, 7.784431137724551, 0.0, 0.0, 0.0, 0.0, 0, 1]
336 [3.273809523809524, 2.976190476190476, 0.2976190476190476, 12.202380952380953, 16.964285714285715, 13.392857142857142, 1.7857142857142856, 2.083333333333333, 0, 4.464285714285714, 4.761904761904762, 0.0, 0.0, 0.2976190476190476, 0.0, 0, 1]
337 [7.909604519774012, 3.954802259887006, 3.954802259887006, 16.38418079096045, 14.689265536723164, 17.51412429378531, 2.2598870056497176, 2.824858757062147, 0, 14.124293785310735, 5.649717514124294, 0.0, 0.0, 0.0, 0.0, 0, 0]
338 [9.174311926605505, 6.422018348623854, 2.7522935779816518, 9.174311926605505, 14.678899082568808, 9.174311926605505, 0.9174311926605505, 2.7522935779816518, 0, 2.7522935779816518, 2.7522935779816518, 1.834862385321101, 0.9174311926605505, 0.9174311926605505, 8.256880733944955, 0, 1]
339 [9.118541033434651, 6.079027355623101, 3.0395136778115504, 10.030395136778116, 14.893617021276595, 11.246200607902736, 2.43161094224924, 1.82370820668693, 0, 20.060790273556233, 7.29483282674772, 0.60790273556231, 0.0, 0.0, 0.60790273556231, 0, 1]
340 [6.296296296296296, 4.074074074074074, 2.2222222222222223, 11.851851851851853, 11.851851851851853, 12.592592592592592, 1.4814814814814816, 1.1111111111111112, 0, 18.88888888888889, 7.037037037037037, 0.3703703703703704, 0.0, 0.0, 1.1111111111111112, 0, 0]
341 [3.1055900621118013, 3.1055900621118013, 0.0, 13.664596273291925, 15.527950310559005, 14.285714285714285, 2.484472049689441, 1.2422360248447204, 0, 22.36024844720497, 3.1055900621118013, 0.0, 0.0, 0.0, 0.6211180124223602, 0, 1]
342 [6.291390728476822, 4.635761589403973, 1.6556291390728477, 13.57615894039735, 18.874172185430464, 14.56953642384106, 0.9933774834437087, 2.6490066225165565, 0, 20.86092715231788, 6.291390728476822, 0.0, 0.0, 0.0, 0.6622516556291391, 0, 1]
343 [2.768166089965398, 2.0761245674740483, 0.6920415224913495, 12.802768166089965, 11.072664359861593, 13.494809688581316, 1.0380622837370241, 0.34602076124567477, 0, 10.380622837370241, 6.920415224913495, 0.0, 0.0, 0.34602076124567477, 0.0, 0, 1]
344 [5.357142857142857, 4.464285714285714, 0.8928571428571428, 12.5, 15.773809523809524, 13.988095238095239, 0.8928571428571428, 4.166666666666666, 0, 19.642857142857142, 6.547619047619048, 0.5952380952380952, 0.0, 0.0, 0.0, 0, 1]
345 [13.054830287206268, 9.921671018276761, 3.1331592689295036, 9.921671018276761, 17.232375979112273, 10.966057441253264, 2.088772845953003, 2.8720626631853787, 0, 15.143603133159269, 4.177545691906006, 0.26109660574412535, 0.0, 0.7832898172323759, 0.5221932114882507, 0, 0]
346 [6.106870229007633, 1.5267175572519083, 4.580152671755725, 13.740458015267176, 17.557251908396946, 13.740458015267176, 0.7633587786259541, 1.5267175572519083, 0, 5.343511450381679, 6.870229007633588, 0.0, 0.0, 0.0, 0.0, 0, 0]
347 [4.639175257731959, 2.0618556701030926, 2.5773195876288657, 10.309278350515463, 13.402061855670103, 11.34020618556701, 2.0618556701030926, 1.5463917525773196, 0, 15.979381443298967, 2.5773195876288657, 0.0, 0.0, 0.0, 0.5154639175257731, 0, 0]
348 [2.2598870056497176, 1.694915254237288, 0.5649717514124294, 14.124293785310735, 13.559322033898304, 15.254237288135593, 1.694915254237288, 6.779661016949152, 0, 19.2090395480226, 5.649717514124294, 0.0, 0.5649717514124294, 0.0, 1.694915254237288, 0, 0]
349 [16.477272727272727, 12.784090909090908, 3.6931818181818183, 9.943181818181818, 19.886363636363637, 11.363636363636363, 2.556818181818182, 1.9886363636363635, 0, 18.181818181818183, 7.1022727272727275, 1.1363636363636365, 0.0, 0.8522727272727272, 0.5681818181818182, 0, 0]
350 [13.076923076923078, 13.076923076923078, 0.0, 10.0, 20.76923076923077, 10.76923076923077, 2.307692307692308, 3.8461538461538463, 0, 14.615384615384617, 3.076923076923077, 0.0, 0.0, 0.0, 0.0, 0, 0]
351 [9.00900900900901, 6.756756756756757, 2.2522522522522523, 13.963963963963963, 17.117117117117118, 14.864864864864865, 3.153153153153153, 3.153153153153153, 0, 6.756756756756757, 5.405405405405405, 0.0, 0.0, 0.9009009009009009, 1.3513513513513513, 0, 1]
352 [6.321839080459771, 4.597701149425287, 1.7241379310344827, 14.942528735632186, 14.942528735632186, 16.666666666666664, 5.747126436781609, 2.2988505747126435, 0, 8.045977011494253, 2.8735632183908044, 0.0, 0.0, 0.0, 0.0, 0, 0]
353 [4.81283422459893, 2.6737967914438503, 2.13903743315508, 11.229946524064172, 17.11229946524064, 11.229946524064172, 2.13903743315508, 2.13903743315508, 0, 14.973262032085561, 6.417112299465241, 0.0, 0.0, 0.0, 0.0, 0, 0]
354 [11.042944785276074, 6.748466257668712, 4.294478527607362, 11.65644171779141, 15.950920245398773, 12.883435582822086, 2.4539877300613497, 0.6134969325153374, 0, 9.202453987730062, 5.521472392638037, 0.0, 0.0, 0.0, 0.0, 0, 1]
355 [3.6827195467422094, 1.41643059490085, 2.26628895184136, 14.730878186968837, 14.730878186968837, 15.864022662889518, 1.41643059490085, 2.26628895184136, 0, 17.56373937677054, 3.39943342776204, 0.0, 0.0, 0.28328611898017, 0.28328611898017, 0, 1]
356 [6.0, 5.0, 1.0, 12.333333333333334, 16.333333333333332, 12.666666666666668, 2.666666666666667, 1.3333333333333335, 0, 25.333333333333336, 9.0, 0.0, 0.0, 0.6666666666666667, 0.0, 0, 1]
357 [4.784688995215311, 3.349282296650718, 1.4354066985645932, 9.090909090909092, 15.789473684210526, 10.047846889952153, 0.4784688995215311, 2.3923444976076556, 0, 7.177033492822966, 7.177033492822966, 0.0, 0.0, 0.0, 0.0, 0, 1]
358 [5.275779376498801, 3.357314148681055, 1.9184652278177456, 13.189448441247004, 13.66906474820144, 14.388489208633093, 1.1990407673860912, 1.6786570743405276, 0, 10.79136690647482, 4.07673860911271, 0.0, 0.0, 0.0, 0.0, 0, 0]
359 [3.970223325062035, 2.729528535980149, 1.240694789081886, 12.903225806451612, 13.399503722084367, 14.640198511166252, 2.2332506203473943, 2.977667493796526, 0, 17.866004962779154, 5.2109181141439205, 0.0, 0.0, 0.24813895781637718, 0.0, 0, 1]
360 [9.94475138121547, 7.918968692449356, 2.0257826887661143, 11.41804788213628, 17.495395948434624, 12.52302025782689, 2.578268876611418, 2.9465930018416207, 0, 17.311233885819522, 6.998158379373849, 0.1841620626151013, 0.0, 0.3683241252302026, 0.0, 0, 0]
361 [6.299212598425196, 4.330708661417323, 1.968503937007874, 11.41732283464567, 16.535433070866144, 12.598425196850393, 1.968503937007874, 4.724409448818897, 0, 4.724409448818897, 7.874015748031496, 0.39370078740157477, 0.39370078740157477, 0.0, 0.7874015748031495, 0, 0]
362 [9.44055944055944, 8.041958041958042, 1.3986013986013985, 11.538461538461538, 17.482517482517483, 12.587412587412588, 2.097902097902098, 4.195804195804196, 0, 16.083916083916083, 5.594405594405594, 0.34965034965034963, 0.0, 0.34965034965034963, 1.048951048951049, 0, 1]
363 [3.5608308605341246, 2.0771513353115725, 1.483679525222552, 13.353115727002967, 15.727002967359049, 14.243323442136498, 1.1869436201780417, 1.1869436201780417, 0, 23.14540059347181, 3.5608308605341246, 0.0, 0.0, 0.0, 0.0, 0, 1]
364 [4.519774011299435, 3.389830508474576, 1.1299435028248588, 10.16949152542373, 14.124293785310735, 11.864406779661017, 2.2598870056497176, 3.389830508474576, 0, 16.38418079096045, 3.954802259887006, 0.0, 0.0, 0.0, 1.694915254237288, 0, 0]
365 [3.9301310043668125, 0.8733624454148471, 3.056768558951965, 13.100436681222707, 12.22707423580786, 13.100436681222707, 2.6200873362445414, 1.7467248908296942, 0, 12.22707423580786, 5.676855895196507, 0.0, 0.0, 0.0, 0.0, 0, 1]
366 [4.022988505747127, 3.4482758620689653, 0.5747126436781609, 13.218390804597702, 13.218390804597702, 13.793103448275861, 1.1494252873563218, 2.8735632183908044, 0, 22.988505747126435, 5.747126436781609, 0.0, 0.0, 0.0, 1.1494252873563218, 0, 1]
367 [7.211538461538461, 6.730769230769231, 0.4807692307692308, 12.980769230769232, 15.384615384615385, 13.461538461538462, 1.4423076923076923, 1.4423076923076923, 0, 16.826923076923077, 6.25, 0.4807692307692308, 0.4807692307692308, 0.0, 0.4807692307692308, 0, 0]
368 [10.72961373390558, 7.296137339055794, 3.4334763948497855, 9.44206008583691, 18.4549356223176, 10.300429184549357, 2.575107296137339, 0.8583690987124464, 0, 14.592274678111588, 6.008583690987124, 0.0, 0.4291845493562232, 0.8583690987124464, 0.0, 0, 0]
369 [4.21455938697318, 1.9157088122605364, 2.2988505747126435, 11.877394636015326, 14.942528735632186, 12.260536398467432, 1.9157088122605364, 4.21455938697318, 0, 13.026819923371647, 6.513409961685824, 0.0, 0.0, 0.0, 0.0, 0, 1]
370 [7.810107197549771, 5.972434915773354, 1.8376722817764166, 14.548238897396631, 15.46707503828484, 15.773353751914243, 2.6033690658499236, 2.6033690658499236, 0, 21.745788667687595, 7.044410413476264, 0.0, 0.1531393568147014, 0.45941807044410415, 0.0, 0, 1]
371 [6.896551724137931, 5.172413793103448, 1.7241379310344827, 12.068965517241379, 16.666666666666664, 12.643678160919542, 1.1494252873563218, 2.8735632183908044, 0, 28.160919540229884, 6.321839080459771, 0.0, 0.0, 1.1494252873563218, 0.5747126436781609, 0, 1]
372 [4.56140350877193, 1.4035087719298245, 3.1578947368421053, 10.526315789473683, 14.736842105263156, 11.228070175438596, 2.1052631578947367, 1.7543859649122806, 0, 16.842105263157894, 6.666666666666667, 0.3508771929824561, 0.0, 0.0, 0.0, 0, 0]
373 [3.5294117647058822, 1.1764705882352942, 2.3529411764705883, 15.294117647058824, 14.117647058823529, 15.294117647058824, 1.1764705882352942, 1.1764705882352942, 0, 5.88235294117647, 6.470588235294119, 0.0, 0.0, 0.0, 0.0, 0, 1]
374 [4.046242774566474, 2.312138728323699, 1.7341040462427744, 13.872832369942195, 13.872832369942195, 13.872832369942195, 2.312138728323699, 2.312138728323699, 0, 17.341040462427745, 10.404624277456648, 0.0, 0.0, 0.0, 0.0, 0, 1]
375 [2.7624309392265194, 2.7624309392265194, 0.0, 12.70718232044199, 12.70718232044199, 13.259668508287293, 1.6574585635359116, 1.1049723756906076, 0, 12.154696132596685, 4.41988950276243, 0.0, 0.0, 0.0, 0.0, 0, 1]
376 [4.545454545454546, 3.6931818181818183, 0.8522727272727272, 13.068181818181818, 11.931818181818182, 13.920454545454545, 0.8522727272727272, 2.556818181818182, 0, 15.625, 5.965909090909091, 0.0, 0.0, 0.0, 0.0, 0, 1]
377 [6.666666666666667, 2.0, 4.666666666666667, 12.666666666666668, 11.333333333333332, 13.333333333333334, 2.0, 0.6666666666666667, 0, 9.333333333333334, 5.333333333333334, 0.0, 0.0, 0.0, 0.0, 0, 1]
378 [5.5, 4.0, 1.5, 11.0, 17.5, 12.0, 4.5, 4.0, 0, 13.0, 3.0, 0.5, 0.0, 0.0, 0.5, 0, 0]
379 [6.8493150684931505, 3.0821917808219177, 3.767123287671233, 11.986301369863012, 16.43835616438356, 12.67123287671233, 2.3972602739726026, 1.36986301369863, 0, 15.068493150684931, 4.4520547945205475, 0.0, 0.0, 0.0, 0.3424657534246575, 0, 1]
380 [6.043956043956044, 5.4945054945054945, 0.5494505494505495, 9.89010989010989, 15.384615384615385, 10.989010989010989, 1.098901098901099, 2.197802197802198, 0, 8.241758241758241, 4.945054945054945, 0.0, 0.5494505494505495, 0.0, 0.0, 0, 1]
AVG Not Satire Feature Scores
[70.19064523336385, 47.07208750709345, 23.118557726270403, 140.09789075048602, 169.39135597937013, 151.04325417142041, 23.210521545982377, 24.70169667475389, 0.0, 156.27712216594577, 65.00660817458238, 1.845679404806473, 0.8064354934742044, 2.1610921337442868, 2.7769449266437376, 0.0, 7.235294117647059]
AVG Satire Feature Scores
[54.78164068011351, 38.34641318941704, 16.43522749069648, 151.70432661731132, 167.21246669011285, 165.30900207940144, 19.816271903404804, 21.627848469384308, 0.0, 159.2090999846148, 70.65914409376785, 3.0607236139830283, 0.5354180762061849, 1.1470158372552264, 0.42928294788963345, 0.0, 7.0588235294117645]
Correct classifications:  82
Total classifications:    95
('SVM Test set score: ', 0.8631578947368421)
         131645766 function calls (131391979 primitive calls) in 201.266 seconds

   Ordered by: cumulative time
   List reduced from 859 to 30 due to restriction <30>